#  Per-slice resolution numbers
#  Columns:  Ecentre_GeV   mu_red   muErr_red   sigma_red   sigmaErr_red   frac_red   mu_blue   muErr_blue   sigma_blue   sigmaErr_blue   frac_blue
3.000000e+00  1.873658e-03  9.446706e-06  3.496310e-03  7.915797e-06  1.866034e+00  5.918633e-04  1.003150e-05  3.586025e-03  8.695413e-06  6.058874e+00
5.000000e+00  1.926963e-03  8.351687e-06  3.095682e-03  6.632930e-06  1.606509e+00  6.089887e-04  8.859051e-06  3.144568e-03  7.155662e-06  5.163590e+00
7.000000e+00  1.942636e-03  7.813632e-06  2.883855e-03  6.020403e-06  1.484506e+00  6.049803e-04  8.210336e-06  2.910400e-03  6.497784e-06  4.810736e+00
9.000000e+00  1.951289e-03  7.544174e-06  2.778152e-03  5.733495e-06  1.423752e+00  6.093270e-04  7.828564e-06  2.785237e-03  6.158372e-06  4.571005e+00
1.100000e+01  1.957967e-03  7.283935e-06  2.706152e-03  5.539695e-06  1.382123e+00  6.096459e-04  7.495506e-06  2.703891e-03  5.874275e-06  4.435184e+00
1.350000e+01  1.956897e-03  5.775206e-06  2.638301e-03  4.413859e-06  1.348206e+00  6.060566e-04  5.914135e-06  2.633159e-03  4.709117e-06  4.344741e+00
1.750000e+01  1.946664e-03  4.323534e-06  2.582154e-03  3.393261e-06  1.326450e+00  5.905625e-04  4.410012e-06  2.568223e-03  3.634242e-06  4.348775e+00
2.500000e+01  1.930173e-03  2.884471e-06  2.528019e-03  2.348326e-06  1.309737e+00  5.591861e-04  2.855394e-06  2.485921e-03  2.434222e-06  4.445606e+00
