  2.000   4.000  8.083334e-02  1.003281e+00  1.869133e-01  -2.500000e-01  6.657174e-04
  2.000   4.000  8.583334e-02  1.003699e+00  1.869911e-01  -1.816950e-02  3.317672e-03
  2.000   4.000  8.750000e-02  1.003838e+00  1.870171e-01  2.688648e-02  3.529093e-03
  2.000   4.000  9.750000e-02  1.004775e+00  1.871917e-01  1.933787e-02  5.524786e-03
  2.000   4.000  1.008333e-01  1.005106e+00  1.872533e-01  2.635107e-02  5.450347e-03
  2.000   4.000  1.041667e-01  1.005450e+00  1.873173e-01  1.996050e-02  5.710385e-03
  2.000   4.000  1.058333e-01  1.005627e+00  1.873504e-01  9.265920e-03  4.688419e-03
  2.000   4.000  1.191667e-01  1.007144e+00  1.876329e-01  2.517603e-03  4.061768e-03
  2.000   4.000  1.225000e-01  1.007552e+00  1.877090e-01  1.049180e-02  4.239062e-03
  2.000   4.000  1.241667e-01  1.007758e+00  1.877473e-01  2.777539e-02  5.092595e-03
  2.000   4.000  1.275000e-01  1.008185e+00  1.878269e-01  1.562247e-02  5.412968e-03
  2.000   4.000  1.308333e-01  1.008622e+00  1.879083e-01  -1.874492e-03  4.578424e-03
  2.000   4.000  1.341667e-01  1.009070e+00  1.879917e-01  -1.725675e-02  4.210077e-03
  2.000   4.000  1.358333e-01  1.009297e+00  1.880341e-01  -2.430373e-02  4.957242e-03
  2.000   4.000  1.375000e-01  1.009527e+00  1.880769e-01  -2.960051e-02  4.355355e-03
  2.000   4.000  1.391667e-01  1.009764e+00  1.881210e-01  -6.104617e-02  3.979384e-03
  2.000   4.000  1.408333e-01  1.010003e+00  1.881655e-01  -3.873057e-02  2.372405e-03
  2.000   4.000  1.425000e-01  1.010243e+00  1.882104e-01  -1.118994e-02  1.928967e-03
  2.000   4.000  1.441667e-01  1.010485e+00  1.882554e-01  8.945889e-03  1.761739e-03
  2.000   4.000  1.458333e-01  1.010726e+00  1.883002e-01  4.741968e-02  1.623711e-03
  2.000   4.000  1.475000e-01  1.010973e+00  1.883462e-01  1.084649e-01  2.001604e-03
  2.000   4.000  1.491667e-01  1.011225e+00  1.883933e-01  1.727557e-01  2.609906e-03
  2.000   4.000  1.525000e-01  1.011739e+00  1.884889e-01  2.500000e-01  1.813450e-04
  2.000   4.000  1.558333e-01  1.012267e+00  1.885873e-01  1.034479e-01  6.909700e-03
  2.000   4.000  1.591667e-01  1.012797e+00  1.886861e-01  4.442445e-02  5.254848e-03
  2.000   4.000  1.641667e-01  1.013625e+00  1.888404e-01  2.838449e-02  4.790499e-03
  2.000   4.000  1.825000e-01  1.016888e+00  1.894483e-01  1.086107e-02  5.198073e-03
  2.000   4.000  1.841667e-01  1.017199e+00  1.895062e-01  3.478407e-02  6.141867e-03
  2.000   4.000  1.958333e-01  1.019488e+00  1.899326e-01  -1.204362e-02  6.351774e-03
  2.000   4.000  1.975000e-01  1.019824e+00  1.899952e-01  2.044027e-02  5.552024e-03
  2.000   4.000  2.025000e-01  1.020865e+00  1.901891e-01  -8.981263e-03  6.739665e-03
  2.000   4.000  2.075000e-01  1.021923e+00  1.903862e-01  5.290249e-02  8.679586e-03
  2.000   4.000  2.158333e-01  1.023750e+00  1.907267e-01  -6.458904e-03  1.027343e-02
  2.000   4.000  2.175000e-01  1.024121e+00  1.907958e-01  6.708212e-03  7.171094e-03
  2.000   4.000  2.258333e-01  1.026053e+00  1.911558e-01  5.000319e-03  1.156082e-03
  2.000   4.000  2.291667e-01  1.026846e+00  1.913035e-01  2.993957e-02  8.300331e-03
  2.000   4.000  2.308333e-01  1.027247e+00  1.913782e-01  -8.659453e-03  7.839619e-03
  2.000   4.000  2.341667e-01  1.028059e+00  1.915294e-01  2.842849e-02  6.267321e-03
  2.000   4.000  2.358333e-01  1.028474e+00  1.916068e-01  3.925231e-02  6.849359e-03
  2.000   4.000  2.458333e-01  1.030987e+00  1.920749e-01  -1.975649e-02  6.658154e-03
  2.000   4.000  2.475000e-01  1.031422e+00  1.921561e-01  9.117858e-03  6.006651e-03
  2.000   4.000  2.508333e-01  1.032302e+00  1.923200e-01  4.174431e-02  9.623588e-03
  2.000   4.000  2.525000e-01  1.032740e+00  1.924016e-01  -3.735647e-03  9.516996e-03
  2.000   4.000  2.641667e-01  1.035931e+00  1.929961e-01  4.981527e-02  7.097322e-03
  2.000   4.000  2.658333e-01  1.036406e+00  1.930844e-01  7.689962e-02  8.586655e-03
  4.000   6.000  8.583334e-02  1.003700e+00  1.761544e-01  -1.543411e-02  3.194622e-03
  4.000   6.000  8.750000e-02  1.003837e+00  1.761784e-01  2.551651e-02  3.098940e-03
  4.000   6.000  9.083334e-02  1.004141e+00  1.762318e-01  2.094247e-02  4.427303e-03
  4.000   6.000  9.583334e-02  1.004611e+00  1.763142e-01  2.942969e-03  4.357282e-03
  4.000   6.000  9.916667e-02  1.004938e+00  1.763717e-01  -1.497477e-03  4.211263e-03
  4.000   6.000  1.025000e-01  1.005275e+00  1.764308e-01  -3.306303e-03  3.644185e-03
  4.000   6.000  1.041667e-01  1.005450e+00  1.764614e-01  3.626329e-02  4.509005e-03
  4.000   6.000  1.125000e-01  1.006361e+00  1.766214e-01  -1.831624e-03  3.601098e-03
  4.000   6.000  1.158333e-01  1.006746e+00  1.766889e-01  3.115527e-03  3.631918e-03
  4.000   6.000  1.175000e-01  1.006943e+00  1.767236e-01  2.808057e-02  4.472341e-03
  4.000   6.000  1.208333e-01  1.007345e+00  1.767941e-01  2.928119e-02  4.269553e-03
  4.000   6.000  1.225000e-01  1.007550e+00  1.768300e-01  1.287621e-03  3.370079e-03
  4.000   6.000  1.258333e-01  1.007969e+00  1.769036e-01  1.018423e-02  3.488200e-03
  4.000   6.000  1.275000e-01  1.008184e+00  1.769414e-01  1.509623e-02  1.519570e-04
  4.000   6.000  1.291667e-01  1.008402e+00  1.769795e-01  1.192480e-02  3.490360e-03
  4.000   6.000  1.308333e-01  1.008624e+00  1.770185e-01  -2.933955e-03  3.946400e-03
  4.000   6.000  1.325000e-01  1.008844e+00  1.770572e-01  1.211324e-02  3.569255e-03
  4.000   6.000  1.341667e-01  1.009073e+00  1.770974e-01  -1.775991e-02  3.518643e-03
  4.000   6.000  1.358333e-01  1.009298e+00  1.771369e-01  -1.225058e-02  4.041172e-03
  4.000   6.000  1.375000e-01  1.009529e+00  1.771774e-01  -1.172143e-02  3.364894e-03
  4.000   6.000  1.391667e-01  1.009764e+00  1.772186e-01  -4.263493e-02  3.623738e-03
  4.000   6.000  1.425000e-01  1.010243e+00  1.773027e-01  -5.907698e-03  1.757040e-03
  4.000   6.000  1.441667e-01  1.010486e+00  1.773453e-01  7.325325e-03  1.557087e-03
  4.000   6.000  1.458333e-01  1.010725e+00  1.773873e-01  4.176538e-02  1.426922e-03
  4.000   6.000  1.475000e-01  1.010973e+00  1.774308e-01  1.045695e-01  1.888321e-03
  4.000   6.000  1.491667e-01  1.011228e+00  1.774755e-01  1.724518e-01  2.478993e-03
  4.000   6.000  1.508333e-01  1.011482e+00  1.775201e-01  2.414082e-01  3.034973e-03
  4.000   6.000  1.525000e-01  1.011739e+00  1.775652e-01  2.500000e-01  1.315104e-04
  4.000   6.000  1.541667e-01  1.012001e+00  1.776112e-01  2.500000e-01  6.313930e-04
  4.000   6.000  1.608333e-01  1.013074e+00  1.777996e-01  3.064659e-02  7.188297e-03
  4.000   6.000  1.641667e-01  1.013624e+00  1.778960e-01  2.280001e-02  4.317897e-03
  4.000   6.000  1.691667e-01  1.014477e+00  1.780458e-01  1.037423e-02  4.340401e-03
  4.000   6.000  1.758333e-01  1.015654e+00  1.782524e-01  1.059189e-02  4.532885e-03
  4.000   6.000  1.775000e-01  1.015962e+00  1.783064e-01  4.902899e-02  5.537527e-03
  4.000   6.000  1.858333e-01  1.017517e+00  1.785793e-01  3.769313e-02  8.364484e-03
  4.000   6.000  1.875000e-01  1.017849e+00  1.786377e-01  -1.369409e-02  6.299143e-03
  4.000   6.000  1.891667e-01  1.018161e+00  1.786924e-01  1.021286e-03  4.732403e-03
  4.000   6.000  1.908333e-01  1.018485e+00  1.787493e-01  3.573368e-02  4.870159e-03
  4.000   6.000  1.958333e-01  1.019487e+00  1.789251e-01  -9.104614e-03  5.132289e-03
  4.000   6.000  1.975000e-01  1.019826e+00  1.789845e-01  2.806112e-02  5.110834e-03
  4.000   6.000  2.008333e-01  1.020511e+00  1.791048e-01  2.175430e-02  9.916147e-03
  4.000   6.000  2.058333e-01  1.021566e+00  1.792899e-01  4.080862e-02  5.576338e-03
  4.000   6.000  2.075000e-01  1.021925e+00  1.793530e-01  3.575485e-02  7.965126e-03
  4.000   6.000  2.091667e-01  1.022280e+00  1.794153e-01  -1.887355e-02  7.382869e-03
  4.000   6.000  2.225000e-01  1.025273e+00  1.799405e-01  4.326123e-02  8.267492e-03
  4.000   6.000  2.241667e-01  1.025662e+00  1.800087e-01  -2.031259e-02  6.460027e-03
  4.000   6.000  2.258333e-01  1.026055e+00  1.800778e-01  -3.782782e-03  4.798738e-03
  4.000   6.000  2.308333e-01  1.027248e+00  1.802872e-01  -7.713309e-03  7.912132e-03
  4.000   6.000  2.375000e-01  1.028889e+00  1.805752e-01  6.851819e-03  1.122531e-02
  4.000   6.000  2.391667e-01  1.029300e+00  1.806473e-01  -6.207529e-03  6.218754e-03
  4.000   6.000  2.441667e-01  1.030556e+00  1.808677e-01  3.854645e-02  1.172723e-02
  4.000   6.000  2.491667e-01  1.031860e+00  1.810966e-01  3.711827e-02  5.597939e-03
  4.000   6.000  2.525000e-01  1.032749e+00  1.812526e-01  -1.531310e-03  9.209211e-03
  4.000   6.000  2.591667e-01  1.034550e+00  1.815686e-01  1.436315e-02  1.486737e-02
  4.000   6.000  2.608333e-01  1.035005e+00  1.816485e-01  1.256389e-02  7.473892e-03
  6.000   8.000  8.416667e-02  1.003558e+00  1.733887e-01  -8.029784e-02  4.688590e-03
  6.000   8.000  8.583334e-02  1.003700e+00  1.734132e-01  -1.494342e-02  2.719146e-03
  6.000   8.000  8.750000e-02  1.003837e+00  1.734370e-01  2.586510e-02  2.847844e-03
  6.000   8.000  8.916667e-02  1.003988e+00  1.734631e-01  2.240094e-02  5.452211e-03
  6.000   8.000  9.250000e-02  1.004294e+00  1.735158e-01  7.281089e-03  4.801236e-03
  6.000   8.000  9.416667e-02  1.004448e+00  1.735425e-01  2.486747e-02  4.484484e-03
  6.000   8.000  9.750000e-02  1.004774e+00  1.735987e-01  1.723033e-02  4.591465e-03
  6.000   8.000  9.916667e-02  1.004938e+00  1.736271e-01  -3.790720e-03  3.730212e-03
  6.000   8.000  1.041667e-01  1.005449e+00  1.737154e-01  2.835440e-02  4.367206e-03
  6.000   8.000  1.075000e-01  1.005806e+00  1.737771e-01  3.193065e-02  4.294711e-03
  6.000   8.000  1.091667e-01  1.005988e+00  1.738086e-01  -3.821068e-03  3.338623e-03
  6.000   8.000  1.108333e-01  1.006175e+00  1.738409e-01  3.477917e-02  4.121674e-03
  6.000   8.000  1.141667e-01  1.006551e+00  1.739059e-01  2.835851e-02  3.926638e-03
  6.000   8.000  1.158333e-01  1.006747e+00  1.739397e-01  -7.664279e-04  3.293546e-03
  6.000   8.000  1.208333e-01  1.007346e+00  1.740432e-01  2.471270e-02  3.843391e-03
  6.000   8.000  1.225000e-01  1.007553e+00  1.740790e-01  2.509353e-03  2.986177e-03
  6.000   8.000  1.241667e-01  1.007761e+00  1.741148e-01  2.379450e-02  4.434288e-03
  6.000   8.000  1.258333e-01  1.007969e+00  1.741508e-01  6.700153e-03  3.082705e-03
  6.000   8.000  1.275000e-01  1.008187e+00  1.741885e-01  3.495971e-03  4.730201e-03
  6.000   8.000  1.291667e-01  1.008398e+00  1.742250e-01  1.462157e-02  3.090118e-03
  6.000   8.000  1.308333e-01  1.008625e+00  1.742642e-01  -1.268775e-03  3.720117e-03
  6.000   8.000  1.325000e-01  1.008845e+00  1.743021e-01  1.662288e-02  3.388166e-03
  6.000   8.000  1.341667e-01  1.009072e+00  1.743414e-01  -1.210840e-02  2.966621e-03
  6.000   8.000  1.358333e-01  1.009297e+00  1.743803e-01  -1.434045e-03  3.509426e-03
  6.000   8.000  1.375000e-01  1.009527e+00  1.744200e-01  -1.365754e-02  3.340015e-03
  6.000   8.000  1.391667e-01  1.009763e+00  1.744607e-01  -3.598008e-02  3.442508e-03
  6.000   8.000  1.408333e-01  1.010005e+00  1.745026e-01  -2.829456e-02  1.919798e-03
  6.000   8.000  1.425000e-01  1.010244e+00  1.745440e-01  -3.859648e-03  1.669746e-03
  6.000   8.000  1.441667e-01  1.010487e+00  1.745859e-01  7.540018e-03  1.421904e-03
  6.000   8.000  1.458333e-01  1.010724e+00  1.746268e-01  3.875075e-02  1.359584e-03
  6.000   8.000  1.475000e-01  1.010970e+00  1.746694e-01  1.035003e-01  1.842690e-03
  6.000   8.000  1.491667e-01  1.011228e+00  1.747138e-01  1.732736e-01  2.396479e-03
  6.000   8.000  1.508333e-01  1.011482e+00  1.747577e-01  2.419097e-01  2.940333e-03
  6.000   8.000  1.525000e-01  1.011740e+00  1.748024e-01  2.500000e-01  1.306638e-04
  6.000   8.000  1.541667e-01  1.012002e+00  1.748477e-01  2.500000e-01  4.404587e-04
  6.000   8.000  1.558333e-01  1.012265e+00  1.748932e-01  8.699870e-02  5.244598e-03
  6.000   8.000  1.575000e-01  1.012524e+00  1.749379e-01  7.996755e-03  4.286054e-03
  6.000   8.000  1.591667e-01  1.012798e+00  1.749852e-01  3.790050e-02  3.761531e-03
  6.000   8.000  1.608333e-01  1.013075e+00  1.750330e-01  4.856269e-02  6.014530e-03
  6.000   8.000  1.691667e-01  1.014478e+00  1.752754e-01  2.552351e-03  3.600245e-03
  6.000   8.000  1.708333e-01  1.014767e+00  1.753254e-01  4.522913e-02  4.633630e-03
  6.000   8.000  1.725000e-01  1.015063e+00  1.753764e-01  4.227708e-02  7.055783e-03
  6.000   8.000  1.741667e-01  1.015368e+00  1.754291e-01  -5.559091e-03  5.008786e-03
  6.000   8.000  1.791667e-01  1.016266e+00  1.755844e-01  4.664600e-02  9.261207e-03
  6.000   8.000  1.858333e-01  1.017518e+00  1.758007e-01  5.068545e-02  7.085769e-03
  6.000   8.000  1.908333e-01  1.018484e+00  1.759676e-01  3.295362e-02  4.380014e-03
  6.000   8.000  1.991667e-01  1.020167e+00  1.762583e-01  4.541428e-02  5.506475e-03
  6.000   8.000  2.008333e-01  1.020511e+00  1.763178e-01  1.196110e-02  9.148030e-03
  6.000   8.000  2.025000e-01  1.020864e+00  1.763788e-01  -1.790795e-02  5.058858e-03
  6.000   8.000  2.041667e-01  1.021212e+00  1.764388e-01  7.671725e-03  4.303022e-03
  6.000   8.000  2.058333e-01  1.021569e+00  1.765006e-01  3.060084e-02  5.495111e-03
  6.000   8.000  2.108333e-01  1.022647e+00  1.766868e-01  -6.438957e-03  4.180675e-03
  6.000   8.000  2.391667e-01  1.029306e+00  1.778373e-01  -1.048189e-02  4.878693e-03
  6.000   8.000  2.425000e-01  1.030143e+00  1.779819e-01  4.884048e-02  5.081613e-03
  8.000  10.000  8.750000e-02  1.003836e+00  1.745781e-01  2.256531e-02  2.705920e-03
  8.000  10.000  8.916667e-02  1.003989e+00  1.746047e-01  1.316002e-02  5.284520e-03
  8.000  10.000  9.416667e-02  1.004450e+00  1.746850e-01  1.875665e-02  4.295585e-03
  8.000  10.000  9.583334e-02  1.004611e+00  1.747129e-01  -3.422519e-03  3.895052e-03
  8.000  10.000  9.750000e-02  1.004775e+00  1.747414e-01  1.898303e-02  4.185498e-03
  8.000  10.000  9.916667e-02  1.004938e+00  1.747698e-01  -4.999767e-03  1.806293e-03
  8.000  10.000  1.041667e-01  1.005451e+00  1.748590e-01  2.398996e-02  4.347332e-03
  8.000  10.000  1.058333e-01  1.005627e+00  1.748895e-01  -5.682710e-03  3.329688e-03
  8.000  10.000  1.091667e-01  1.005986e+00  1.749521e-01  -2.593041e-03  3.430997e-03
  8.000  10.000  1.108333e-01  1.006174e+00  1.749847e-01  2.647227e-02  3.831946e-03
  8.000  10.000  1.125000e-01  1.006362e+00  1.750174e-01  -3.501006e-03  3.204470e-03
  8.000  10.000  1.141667e-01  1.006553e+00  1.750506e-01  3.322159e-02  3.825803e-03
  8.000  10.000  1.158333e-01  1.006747e+00  1.750844e-01  -6.254400e-03  3.077120e-03
  8.000  10.000  1.175000e-01  1.006944e+00  1.751187e-01  3.609185e-02  3.806863e-03
  8.000  10.000  1.208333e-01  1.007344e+00  1.751883e-01  2.325718e-02  4.288644e-03
  8.000  10.000  1.241667e-01  1.007758e+00  1.752603e-01  2.918493e-02  4.259722e-03
  8.000  10.000  1.258333e-01  1.007968e+00  1.752967e-01  8.011587e-03  2.909374e-03
  8.000  10.000  1.275000e-01  1.008185e+00  1.753345e-01  1.660923e-02  4.485449e-03
  8.000  10.000  1.291667e-01  1.008400e+00  1.753718e-01  1.499937e-02  9.590082e-05
  8.000  10.000  1.308333e-01  1.008622e+00  1.754105e-01  -6.837706e-03  3.350271e-03
  8.000  10.000  1.325000e-01  1.008843e+00  1.754489e-01  1.331114e-02  3.154611e-03
  8.000  10.000  1.341667e-01  1.009071e+00  1.754886e-01  -1.019312e-02  2.909244e-03
  8.000  10.000  1.358333e-01  1.009298e+00  1.755281e-01  -7.369258e-03  3.471190e-03
  8.000  10.000  1.375000e-01  1.009528e+00  1.755680e-01  -9.232793e-03  3.000652e-03
  8.000  10.000  1.391667e-01  1.009763e+00  1.756089e-01  -3.122668e-02  3.238300e-03
  8.000  10.000  1.408333e-01  1.010004e+00  1.756508e-01  -2.779777e-02  1.977874e-03
  8.000  10.000  1.425000e-01  1.010244e+00  1.756925e-01  -1.089087e-04  1.603405e-03
  8.000  10.000  1.441667e-01  1.010488e+00  1.757350e-01  1.130348e-02  1.450627e-03
  8.000  10.000  1.458333e-01  1.010724e+00  1.757760e-01  3.764307e-02  1.353602e-03
  8.000  10.000  1.475000e-01  1.010971e+00  1.758189e-01  9.881209e-02  1.816868e-03
  8.000  10.000  1.491667e-01  1.011228e+00  1.758637e-01  1.772434e-01  2.330271e-03
  8.000  10.000  1.508333e-01  1.011481e+00  1.759077e-01  2.479602e-01  2.989806e-03
  8.000  10.000  1.525000e-01  1.011742e+00  1.759530e-01  2.500000e-01  1.300007e-04
  8.000  10.000  1.541667e-01  1.012002e+00  1.759983e-01  2.500000e-01  3.923763e-04
  8.000  10.000  1.558333e-01  1.012267e+00  1.760443e-01  9.113650e-02  5.242884e-03
  8.000  10.000  1.591667e-01  1.012798e+00  1.761368e-01  3.577250e-02  3.983713e-03
  8.000  10.000  1.608333e-01  1.013074e+00  1.761846e-01  4.767759e-02  6.493489e-03
  8.000  10.000  1.641667e-01  1.013623e+00  1.762803e-01  2.486455e-02  3.843940e-03
  8.000  10.000  1.691667e-01  1.014477e+00  1.764287e-01  6.686836e-03  3.741224e-03
  8.000  10.000  1.741667e-01  1.015365e+00  1.765831e-01  -6.776038e-03  5.496509e-03
  8.000  10.000  1.808333e-01  1.016576e+00  1.767938e-01  1.768330e-03  5.520524e-03
  8.000  10.000  1.825000e-01  1.016883e+00  1.768471e-01  3.733876e-03  3.646963e-03
  8.000  10.000  1.841667e-01  1.017204e+00  1.769030e-01  4.048466e-02  5.015834e-03
  8.000  10.000  1.858333e-01  1.017517e+00  1.769575e-01  4.444926e-02  7.851439e-03
  8.000  10.000  1.958333e-01  1.019490e+00  1.773005e-01  -7.772360e-03  4.564447e-03
  8.000  10.000  2.041667e-01  1.021205e+00  1.775988e-01  7.677599e-03  4.256678e-03
  8.000  10.000  2.058333e-01  1.021561e+00  1.776608e-01  3.556629e-02  5.657981e-03
  8.000  10.000  2.075000e-01  1.021919e+00  1.777230e-01  3.022674e-02  6.439872e-03
  8.000  10.000  2.091667e-01  1.022282e+00  1.777861e-01  -1.688488e-02  5.824288e-03
  8.000  10.000  2.125000e-01  1.023008e+00  1.779123e-01  3.109007e-02  4.699337e-03
  8.000  10.000  2.158333e-01  1.023753e+00  1.780420e-01  1.512908e-03  7.815898e-03
  8.000  10.000  2.191667e-01  1.024503e+00  1.781723e-01  7.670033e-03  4.425882e-03
  8.000  10.000  2.291667e-01  1.026853e+00  1.785811e-01  5.458149e-02  5.845480e-03
  8.000  10.000  2.325000e-01  1.027651e+00  1.787199e-01  -1.279531e-02  4.022489e-03
  8.000  10.000  2.341667e-01  1.028056e+00  1.787903e-01  2.335707e-02  4.474123e-03
  8.000  10.000  2.358333e-01  1.028466e+00  1.788616e-01  5.105418e-02  6.058039e-03
  8.000  10.000  2.375000e-01  1.028887e+00  1.789347e-01  -8.103136e-03  7.535924e-03
  8.000  10.000  2.408333e-01  1.029723e+00  1.790802e-01  1.240323e-02  4.410223e-03
  8.000  10.000  2.425000e-01  1.030143e+00  1.791532e-01  3.873112e-02  4.800977e-03
  8.000  10.000  2.525000e-01  1.032752e+00  1.796069e-01  -5.888484e-03  8.273700e-03
  8.000  10.000  2.558333e-01  1.033645e+00  1.797622e-01  3.168661e-02  4.658667e-03
  8.000  10.000  2.575000e-01  1.034092e+00  1.798400e-01  5.668803e-02  5.949110e-03
  8.000  10.000  2.675000e-01  1.036876e+00  1.803242e-01  9.277136e-03  6.830541e-03
  8.000  10.000  2.741667e-01  1.038793e+00  1.806576e-01  1.929675e-01  1.445443e-02
 10.000  12.000  8.250000e-02  1.003414e+00  1.754610e-01  -2.492428e-01  2.916621e-02
 10.000  12.000  8.583334e-02  1.003699e+00  1.755108e-01  -1.220963e-02  2.818150e-03
 10.000  12.000  8.750000e-02  1.003836e+00  1.755348e-01  1.831926e-02  2.753296e-03
 10.000  12.000  8.916667e-02  1.003993e+00  1.755622e-01  9.139281e-03  5.269479e-03
 10.000  12.000  9.250000e-02  1.004294e+00  1.756148e-01  -3.801454e-03  4.118406e-03
 10.000  12.000  9.583334e-02  1.004609e+00  1.756699e-01  1.889354e-03  3.785784e-03
 10.000  12.000  9.750000e-02  1.004773e+00  1.756987e-01  2.031204e-02  4.364215e-03
 10.000  12.000  9.916667e-02  1.004936e+00  1.757271e-01  -7.188343e-03  3.476087e-03
 10.000  12.000  1.025000e-01  1.005276e+00  1.757867e-01  -5.970629e-03  3.374340e-03
 10.000  12.000  1.041667e-01  1.005452e+00  1.758173e-01  2.802472e-02  4.104009e-03
 10.000  12.000  1.058333e-01  1.005626e+00  1.758478e-01  2.602524e-04  3.381749e-03
 10.000  12.000  1.075000e-01  1.005807e+00  1.758795e-01  3.087825e-02  4.192577e-03
 10.000  12.000  1.091667e-01  1.005989e+00  1.759113e-01  -9.988548e-04  3.235952e-03
 10.000  12.000  1.108333e-01  1.006174e+00  1.759436e-01  2.502390e-02  1.688594e-04
 10.000  12.000  1.125000e-01  1.006362e+00  1.759766e-01  -6.838673e-03  3.038289e-03
 10.000  12.000  1.175000e-01  1.006942e+00  1.760779e-01  3.199514e-02  3.802037e-03
 10.000  12.000  1.191667e-01  1.007143e+00  1.761130e-01  4.014509e-03  3.128522e-03
 10.000  12.000  1.208333e-01  1.007346e+00  1.761485e-01  2.948389e-02  4.087039e-03
 10.000  12.000  1.225000e-01  1.007551e+00  1.761844e-01  2.572024e-03  2.827996e-03
 10.000  12.000  1.241667e-01  1.007758e+00  1.762205e-01  2.093276e-02  4.120551e-03
 10.000  12.000  1.258333e-01  1.007969e+00  1.762575e-01  9.551483e-03  2.999650e-03
 10.000  12.000  1.275000e-01  1.008185e+00  1.762953e-01  1.297085e-02  4.422762e-03
 10.000  12.000  1.291667e-01  1.008400e+00  1.763328e-01  1.295735e-02  3.022873e-03
 10.000  12.000  1.308333e-01  1.008623e+00  1.763719e-01  2.448443e-03  3.364181e-03
 10.000  12.000  1.325000e-01  1.008842e+00  1.764101e-01  1.125792e-02  3.304205e-03
 10.000  12.000  1.341667e-01  1.009072e+00  1.764503e-01  -8.856557e-03  2.806263e-03
 10.000  12.000  1.358333e-01  1.009298e+00  1.764899e-01  -6.896135e-03  3.563786e-03
 10.000  12.000  1.375000e-01  1.009528e+00  1.765301e-01  -6.630852e-03  2.976223e-03
 10.000  12.000  1.391667e-01  1.009763e+00  1.765713e-01  -2.758258e-02  3.051985e-03
 10.000  12.000  1.408333e-01  1.010005e+00  1.766136e-01  -2.703476e-02  1.999908e-03
 10.000  12.000  1.425000e-01  1.010242e+00  1.766550e-01  -3.789435e-04  1.641405e-03
 10.000  12.000  1.441667e-01  1.010486e+00  1.766976e-01  8.476564e-03  1.449455e-03
 10.000  12.000  1.458333e-01  1.010723e+00  1.767390e-01  3.523216e-02  1.251235e-03
 10.000  12.000  1.475000e-01  1.010972e+00  1.767826e-01  1.030979e-01  1.918963e-03
 10.000  12.000  1.491667e-01  1.011230e+00  1.768278e-01  1.743012e-01  2.487048e-03
 10.000  12.000  1.508333e-01  1.011485e+00  1.768723e-01  2.467164e-01  3.092459e-03
 10.000  12.000  1.525000e-01  1.011742e+00  1.769173e-01  2.500000e-01  1.515415e-04
 10.000  12.000  1.541667e-01  1.012000e+00  1.769624e-01  2.500000e-01  3.151751e-04
 10.000  12.000  1.558333e-01  1.012264e+00  1.770086e-01  8.440972e-02  5.408222e-03
 10.000  12.000  1.575000e-01  1.012526e+00  1.770543e-01  9.898225e-03  4.538621e-03
 10.000  12.000  1.591667e-01  1.012797e+00  1.771017e-01  3.733355e-02  4.052452e-03
 10.000  12.000  1.675000e-01  1.014200e+00  1.773470e-01  1.032476e-02  5.751087e-03
 10.000  12.000  1.691667e-01  1.014478e+00  1.773957e-01  1.396168e-03  3.464200e-03
 10.000  12.000  1.708333e-01  1.014767e+00  1.774463e-01  3.879305e-02  4.617771e-03
 10.000  12.000  1.741667e-01  1.015361e+00  1.775501e-01  4.266914e-04  5.663282e-03
 10.000  12.000  1.758333e-01  1.015659e+00  1.776022e-01  8.876886e-03  3.725979e-03
 10.000  12.000  1.791667e-01  1.016269e+00  1.777089e-01  3.723918e-02  7.716320e-03
 10.000  12.000  1.808333e-01  1.016582e+00  1.777637e-01  4.132047e-03  6.169780e-03
 10.000  12.000  1.841667e-01  1.017199e+00  1.778714e-01  3.906161e-02  5.037563e-03
 10.000  12.000  1.908333e-01  1.018487e+00  1.780967e-01  3.528985e-02  4.470102e-03
 10.000  12.000  1.925000e-01  1.018816e+00  1.781542e-01  3.941939e-02  6.462550e-03
 10.000  12.000  1.958333e-01  1.019490e+00  1.782720e-01  -1.284611e-02  4.133238e-03
 10.000  12.000  2.008333e-01  1.020509e+00  1.784504e-01  2.901792e-02  7.614623e-03
 10.000  12.000  2.041667e-01  1.021206e+00  1.785722e-01  5.516802e-03  4.127841e-03
 10.000  12.000  2.058333e-01  1.021568e+00  1.786354e-01  3.336057e-02  5.543611e-03
 10.000  12.000  2.075000e-01  1.021924e+00  1.786977e-01  4.422367e-02  6.556701e-03
 10.000  12.000  2.125000e-01  1.023013e+00  1.788881e-01  2.726871e-02  4.441812e-03
 10.000  12.000  2.175000e-01  1.024123e+00  1.790822e-01  -9.036533e-03  4.915444e-03
 10.000  12.000  2.208333e-01  1.024887e+00  1.792158e-01  3.754991e-02  5.600222e-03
 10.000  12.000  2.258333e-01  1.026050e+00  1.794192e-01  2.543009e-03  4.283153e-03
 10.000  12.000  2.341667e-01  1.028057e+00  1.797702e-01  2.417469e-02  4.629559e-03
 10.000  12.000  2.358333e-01  1.028469e+00  1.798421e-01  4.228450e-02  5.819923e-03
 10.000  12.000  2.375000e-01  1.028886e+00  1.799151e-01  -1.623463e-02  6.936067e-03
 10.000  12.000  2.391667e-01  1.029303e+00  1.799880e-01  -1.462253e-02  4.344683e-03
 10.000  12.000  2.458333e-01  1.030990e+00  1.802830e-01  -2.093995e-02  5.213678e-03
 10.000  12.000  2.508333e-01  1.032305e+00  1.805129e-01  4.781548e-02  7.056288e-03
 10.000  12.000  2.558333e-01  1.033638e+00  1.807461e-01  2.870348e-02  4.974035e-03
 10.000  12.000  2.575000e-01  1.034094e+00  1.808259e-01  4.701131e-02  6.439578e-03
 10.000  12.000  2.591667e-01  1.034550e+00  1.809055e-01  -1.015421e-02  8.230961e-03
 10.000  12.000  2.641667e-01  1.035934e+00  1.811476e-01  5.606499e-02  5.305772e-03
 10.000  12.000  2.658333e-01  1.036407e+00  1.812303e-01  5.636968e-02  1.044312e-02
 12.000  15.000  8.250000e-02  1.003415e+00  1.733761e-01  -2.500000e-01  1.337645e-03
 12.000  15.000  8.583334e-02  1.003699e+00  1.734252e-01  -1.301050e-02  2.226839e-03
 12.000  15.000  8.750000e-02  1.003837e+00  1.734490e-01  2.356271e-02  2.295578e-03
 12.000  15.000  8.916667e-02  1.003989e+00  1.734753e-01  1.213675e-02  4.121357e-03
 12.000  15.000  9.083334e-02  1.004142e+00  1.735017e-01  2.827192e-02  3.779526e-03
 12.000  15.000  9.250000e-02  1.004295e+00  1.735281e-01  -2.270608e-03  3.426909e-03
 12.000  15.000  9.416667e-02  1.004450e+00  1.735550e-01  2.819879e-02  3.406868e-03
 12.000  15.000  9.583334e-02  1.004610e+00  1.735825e-01  -6.280568e-03  3.045736e-03
 12.000  15.000  9.750000e-02  1.004772e+00  1.736105e-01  2.117530e-02  3.440597e-03
 12.000  15.000  9.916667e-02  1.004937e+00  1.736390e-01  -6.563583e-03  2.702744e-03
 12.000  15.000  1.008333e-01  1.005106e+00  1.736682e-01  2.916476e-02  3.424141e-03
 12.000  15.000  1.041667e-01  1.005450e+00  1.737277e-01  2.151317e-02  3.379209e-03
 12.000  15.000  1.058333e-01  1.005627e+00  1.737583e-01  -2.199807e-03  2.617679e-03
 12.000  15.000  1.075000e-01  1.005806e+00  1.737892e-01  3.322158e-02  3.183344e-03
 12.000  15.000  1.091667e-01  1.005988e+00  1.738206e-01  -4.250486e-03  2.446311e-03
 12.000  15.000  1.108333e-01  1.006174e+00  1.738527e-01  2.740355e-02  3.192177e-03
 12.000  15.000  1.125000e-01  1.006363e+00  1.738854e-01  -7.783858e-03  2.395882e-03
 12.000  15.000  1.141667e-01  1.006551e+00  1.739179e-01  2.854578e-02  3.128924e-03
 12.000  15.000  1.158333e-01  1.006747e+00  1.739517e-01  -2.999144e-03  2.509827e-03
 12.000  15.000  1.175000e-01  1.006944e+00  1.739858e-01  3.292018e-02  3.187795e-03
 12.000  15.000  1.191667e-01  1.007145e+00  1.740205e-01  -1.835468e-03  2.355950e-03
 12.000  15.000  1.208333e-01  1.007346e+00  1.740552e-01  2.820428e-02  3.163976e-03
 12.000  15.000  1.225000e-01  1.007552e+00  1.740909e-01  -7.077090e-04  2.315630e-03
 12.000  15.000  1.241667e-01  1.007757e+00  1.741263e-01  2.643675e-02  3.367425e-03
 12.000  15.000  1.258333e-01  1.007967e+00  1.741626e-01  2.835326e-03  2.344533e-03
 12.000  15.000  1.275000e-01  1.008185e+00  1.742002e-01  9.045727e-03  3.366326e-03
 12.000  15.000  1.291667e-01  1.008399e+00  1.742373e-01  1.337265e-02  2.446846e-03
 12.000  15.000  1.308333e-01  1.008622e+00  1.742758e-01  -2.874897e-03  2.571108e-03
 12.000  15.000  1.325000e-01  1.008845e+00  1.743143e-01  1.374607e-02  2.564711e-03
 12.000  15.000  1.341667e-01  1.009073e+00  1.743536e-01  -7.321074e-03  2.284431e-03
 12.000  15.000  1.358333e-01  1.009297e+00  1.743925e-01  -7.060804e-03  2.690193e-03
 12.000  15.000  1.375000e-01  1.009526e+00  1.744320e-01  -8.056421e-03  2.378562e-03
 12.000  15.000  1.391667e-01  1.009763e+00  1.744729e-01  -2.178618e-02  2.402696e-03
 12.000  15.000  1.408333e-01  1.010004e+00  1.745146e-01  -2.305619e-02  1.614617e-03
 12.000  15.000  1.425000e-01  1.010244e+00  1.745560e-01  1.601168e-03  1.296903e-03
 12.000  15.000  1.441667e-01  1.010487e+00  1.745980e-01  1.073493e-02  1.162316e-03
 12.000  15.000  1.458333e-01  1.010722e+00  1.746386e-01  3.188971e-02  1.054965e-03
 12.000  15.000  1.475000e-01  1.010971e+00  1.746816e-01  1.018322e-01  1.536715e-03
 12.000  15.000  1.491667e-01  1.011228e+00  1.747260e-01  1.714380e-01  2.003977e-03
 12.000  15.000  1.508333e-01  1.011480e+00  1.747695e-01  2.442886e-01  2.500252e-03
 12.000  15.000  1.525000e-01  1.011740e+00  1.748145e-01  2.500000e-01  9.323347e-05
 12.000  15.000  1.541667e-01  1.012002e+00  1.748598e-01  2.500000e-01  3.370620e-04
 12.000  15.000  1.558333e-01  1.012266e+00  1.749054e-01  8.807011e-02  4.143212e-03
 12.000  15.000  1.575000e-01  1.012526e+00  1.749503e-01  7.759639e-03  3.318553e-03
 12.000  15.000  1.591667e-01  1.012795e+00  1.749969e-01  3.196141e-02  3.109804e-03
 12.000  15.000  1.625000e-01  1.013353e+00  1.750931e-01  -4.309958e-03  3.316581e-03
 12.000  15.000  1.641667e-01  1.013624e+00  1.751400e-01  2.383315e-02  3.037476e-03
 12.000  15.000  1.675000e-01  1.014197e+00  1.752391e-01  2.910318e-03  4.467628e-03
 12.000  15.000  1.691667e-01  1.014478e+00  1.752876e-01  2.777557e-03  2.774540e-03
 12.000  15.000  1.708333e-01  1.014770e+00  1.753380e-01  4.342668e-02  3.867319e-03
 12.000  15.000  1.725000e-01  1.015070e+00  1.753898e-01  4.075928e-02  6.049052e-03
 12.000  15.000  1.741667e-01  1.015364e+00  1.754407e-01  -3.792661e-03  4.027533e-03
 12.000  15.000  1.758333e-01  1.015658e+00  1.754914e-01  7.813456e-03  2.922961e-03
 12.000  15.000  1.841667e-01  1.017201e+00  1.757581e-01  4.152074e-02  3.546120e-03
 12.000  15.000  1.875000e-01  1.017842e+00  1.758689e-01  -1.705076e-04  4.269249e-03
 12.000  15.000  1.891667e-01  1.018165e+00  1.759247e-01  -5.626197e-03  2.986528e-03
 12.000  15.000  1.908333e-01  1.018483e+00  1.759795e-01  3.210643e-02  3.518139e-03
 12.000  15.000  1.941667e-01  1.019157e+00  1.760960e-01  6.249106e-03  5.566321e-03
 12.000  15.000  2.058333e-01  1.021565e+00  1.765121e-01  4.015783e-02  4.026749e-03
 12.000  15.000  2.108333e-01  1.022646e+00  1.766988e-01  -8.675013e-03  3.207850e-03
 12.000  15.000  2.125000e-01  1.023006e+00  1.767611e-01  2.414960e-02  3.817705e-03
 12.000  15.000  2.191667e-01  1.024502e+00  1.770196e-01  1.028983e-02  3.401577e-03
 12.000  15.000  2.208333e-01  1.024893e+00  1.770871e-01  4.622200e-02  4.060731e-03
 12.000  15.000  2.258333e-01  1.026054e+00  1.772877e-01  -1.544408e-04  3.326658e-03
 12.000  15.000  2.308333e-01  1.027249e+00  1.774942e-01  -1.046746e-02  5.042927e-03
 12.000  15.000  2.325000e-01  1.027649e+00  1.775633e-01  -6.678463e-03  3.375564e-03
 12.000  15.000  2.358333e-01  1.028468e+00  1.777049e-01  4.459043e-02  4.620846e-03
 12.000  15.000  2.391667e-01  1.029305e+00  1.778494e-01  -8.728455e-03  4.168322e-03
 12.000  15.000  2.408333e-01  1.029720e+00  1.779213e-01  1.368479e-02  3.491918e-03
 12.000  15.000  2.508333e-01  1.032306e+00  1.783679e-01  4.217810e-02  6.004473e-03
 12.000  15.000  2.558333e-01  1.033633e+00  1.785973e-01  2.920775e-02  3.945053e-03
 12.000  15.000  2.575000e-01  1.034088e+00  1.786760e-01  4.995912e-02  4.834418e-03
 12.000  15.000  2.591667e-01  1.034553e+00  1.787562e-01  -1.207885e-03  6.768240e-03
 12.000  15.000  2.608333e-01  1.035011e+00  1.788355e-01  -5.213875e-03  4.193682e-03
 12.000  15.000  2.641667e-01  1.035932e+00  1.789946e-01  4.859476e-02  4.997585e-03
 12.000  15.000  2.658333e-01  1.036404e+00  1.790760e-01  6.707291e-02  7.515963e-03
 12.000  15.000  2.675000e-01  1.036876e+00  1.791576e-01  3.260654e-02  8.181608e-03
 12.000  15.000  2.708333e-01  1.037827e+00  1.793219e-01  8.877584e-02  6.758780e-03
 12.000  15.000  2.725000e-01  1.038308e+00  1.794051e-01  1.369650e-01  8.988371e-03
 15.000  20.000  8.083334e-02  1.003279e+00  1.714855e-01  -2.500000e-01  2.097064e-04
 15.000  20.000  8.416667e-02  1.003558e+00  1.715332e-01  -7.604863e-02  3.069571e-03
 15.000  20.000  8.583334e-02  1.003699e+00  1.715573e-01  -1.315073e-02  1.665700e-03
 15.000  20.000  8.750000e-02  1.003836e+00  1.715807e-01  1.998203e-02  1.731125e-03
 15.000  20.000  8.916667e-02  1.003989e+00  1.716069e-01  8.020284e-03  3.118048e-03
 15.000  20.000  9.083334e-02  1.004140e+00  1.716326e-01  2.499697e-02  1.018584e-03
 15.000  20.000  9.250000e-02  1.004295e+00  1.716591e-01  -2.007744e-03  2.533418e-03
 15.000  20.000  9.416667e-02  1.004450e+00  1.716857e-01  2.424565e-02  2.612811e-03
 15.000  20.000  9.583334e-02  1.004610e+00  1.717130e-01  -3.360978e-03  2.243328e-03
 15.000  20.000  9.750000e-02  1.004773e+00  1.717409e-01  2.206312e-02  2.812495e-03
 15.000  20.000  9.916667e-02  1.004937e+00  1.717689e-01  -6.300280e-03  2.017620e-03
 15.000  20.000  1.008333e-01  1.005106e+00  1.717977e-01  2.693061e-02  2.492109e-03
 15.000  20.000  1.025000e-01  1.005276e+00  1.718269e-01  -4.860057e-03  1.984413e-03
 15.000  20.000  1.041667e-01  1.005451e+00  1.718568e-01  2.579309e-02  2.485517e-03
 15.000  20.000  1.058333e-01  1.005626e+00  1.718867e-01  -2.099156e-03  2.048283e-03
 15.000  20.000  1.075000e-01  1.005808e+00  1.719177e-01  2.803159e-02  2.519091e-03
 15.000  20.000  1.091667e-01  1.005989e+00  1.719487e-01  -5.195285e-03  1.844246e-03
 15.000  20.000  1.108333e-01  1.006173e+00  1.719801e-01  2.951247e-02  2.386025e-03
 15.000  20.000  1.125000e-01  1.006362e+00  1.720124e-01  -1.338746e-03  1.923517e-03
 15.000  20.000  1.141667e-01  1.006552e+00  1.720450e-01  3.436384e-02  2.400993e-03
 15.000  20.000  1.158333e-01  1.006746e+00  1.720780e-01  -5.633945e-03  1.784955e-03
 15.000  20.000  1.175000e-01  1.006943e+00  1.721118e-01  3.116714e-02  2.338179e-03
 15.000  20.000  1.191667e-01  1.007143e+00  1.721459e-01  -7.808204e-04  1.796130e-03
 15.000  20.000  1.208333e-01  1.007345e+00  1.721805e-01  2.837716e-02  2.497531e-03
 15.000  20.000  1.225000e-01  1.007551e+00  1.722157e-01  1.161517e-03  1.691795e-03
 15.000  20.000  1.241667e-01  1.007759e+00  1.722513e-01  2.702337e-02  2.587241e-03
 15.000  20.000  1.258333e-01  1.007968e+00  1.722870e-01  5.297662e-03  1.694433e-03
 15.000  20.000  1.275000e-01  1.008187e+00  1.723243e-01  1.584302e-02  2.666138e-03
 15.000  20.000  1.291667e-01  1.008399e+00  1.723607e-01  1.099927e-02  1.756288e-03
 15.000  20.000  1.308333e-01  1.008622e+00  1.723987e-01  -3.494007e-03  2.050108e-03
 15.000  20.000  1.325000e-01  1.008844e+00  1.724366e-01  1.188590e-02  1.938679e-03
 15.000  20.000  1.341667e-01  1.009071e+00  1.724754e-01  -8.500145e-03  1.765090e-03
 15.000  20.000  1.358333e-01  1.009297e+00  1.725141e-01  -2.847056e-03  2.035920e-03
 15.000  20.000  1.375000e-01  1.009528e+00  1.725536e-01  -9.069622e-03  1.770465e-03
 15.000  20.000  1.391667e-01  1.009762e+00  1.725936e-01  -2.044518e-02  1.749821e-03
 15.000  20.000  1.408333e-01  1.010004e+00  1.726350e-01  -2.172411e-02  1.212495e-03
 15.000  20.000  1.425000e-01  1.010243e+00  1.726758e-01  1.581818e-03  9.860653e-04
 15.000  20.000  1.441667e-01  1.010487e+00  1.727175e-01  1.062133e-02  8.805867e-04
 15.000  20.000  1.458333e-01  1.010724e+00  1.727580e-01  3.150165e-02  7.892456e-04
 15.000  20.000  1.475000e-01  1.010971e+00  1.728002e-01  1.031900e-01  1.228877e-03
 15.000  20.000  1.491667e-01  1.011229e+00  1.728443e-01  1.671631e-01  1.582630e-03
 15.000  20.000  1.508333e-01  1.011482e+00  1.728875e-01  2.468387e-01  1.911280e-03
 15.000  20.000  1.525000e-01  1.011742e+00  1.729320e-01  2.500000e-01  5.535632e-05
 15.000  20.000  1.558333e-01  1.012266e+00  1.730216e-01  8.549383e-02  3.400961e-03
 15.000  20.000  1.575000e-01  1.012529e+00  1.730665e-01  5.396775e-03  2.347288e-03
 15.000  20.000  1.591667e-01  1.012797e+00  1.731124e-01  2.977697e-02  2.317970e-03
 15.000  20.000  1.608333e-01  1.013076e+00  1.731601e-01  4.813213e-02  3.865883e-03
 15.000  20.000  1.625000e-01  1.013352e+00  1.732071e-01  -1.271766e-03  2.544397e-03
 15.000  20.000  1.641667e-01  1.013623e+00  1.732536e-01  1.847723e-02  2.357511e-03
 15.000  20.000  1.658333e-01  1.013910e+00  1.733026e-01  4.579930e-02  3.621073e-03
 15.000  20.000  1.675000e-01  1.014198e+00  1.733518e-01  5.461456e-03  3.577040e-03
 15.000  20.000  1.708333e-01  1.014767e+00  1.734490e-01  4.116383e-02  2.953757e-03
 15.000  20.000  1.725000e-01  1.015068e+00  1.735004e-01  4.156746e-02  4.243249e-03
 15.000  20.000  1.741667e-01  1.015362e+00  1.735507e-01  -1.685786e-03  3.065322e-03
 15.000  20.000  1.758333e-01  1.015660e+00  1.736016e-01  5.940449e-03  2.100514e-03
 15.000  20.000  1.775000e-01  1.015961e+00  1.736532e-01  4.213179e-02  3.313515e-03
 15.000  20.000  1.791667e-01  1.016268e+00  1.737057e-01  3.499017e-02  5.016207e-03
 15.000  20.000  1.808333e-01  1.016579e+00  1.737587e-01  -2.376432e-03  3.141930e-03
 15.000  20.000  1.825000e-01  1.016883e+00  1.738108e-01  2.059793e-03  2.194453e-03
 15.000  20.000  1.841667e-01  1.017198e+00  1.738646e-01  4.272229e-02  2.881114e-03
 15.000  20.000  1.858333e-01  1.017519e+00  1.739194e-01  2.818513e-02  4.443818e-03
 15.000  20.000  1.875000e-01  1.017841e+00  1.739745e-01  7.706852e-05  3.489423e-03
 15.000  20.000  1.891667e-01  1.018164e+00  1.740297e-01  -4.581951e-03  2.259078e-03
 15.000  20.000  1.908333e-01  1.018488e+00  1.740851e-01  3.221747e-02  2.792377e-03
 15.000  20.000  1.925000e-01  1.018818e+00  1.741415e-01  3.757039e-02  3.905225e-03
 15.000  20.000  1.941667e-01  1.019156e+00  1.741993e-01  3.838302e-03  4.054586e-03
 15.000  20.000  1.958333e-01  1.019488e+00  1.742560e-01  -8.303259e-03  2.543233e-03
 15.000  20.000  1.975000e-01  1.019817e+00  1.743123e-01  1.668414e-02  2.455429e-03
 15.000  20.000  1.991667e-01  1.020167e+00  1.743720e-01  4.033728e-02  3.804060e-03
 15.000  20.000  2.008333e-01  1.020514e+00  1.744314e-01  2.933264e-02  4.753206e-03
 15.000  20.000  2.025000e-01  1.020859e+00  1.744903e-01  -5.884607e-03  3.232911e-03
 15.000  20.000  2.058333e-01  1.021563e+00  1.746106e-01  3.180029e-02  3.144232e-03
 15.000  20.000  2.075000e-01  1.021921e+00  1.746718e-01  3.884273e-02  4.127677e-03
 15.000  20.000  2.091667e-01  1.022280e+00  1.747332e-01  -8.496123e-03  3.529726e-03
 15.000  20.000  2.108333e-01  1.022648e+00  1.747961e-01  -8.199979e-03  2.454831e-03
 15.000  20.000  2.125000e-01  1.023008e+00  1.748576e-01  2.271007e-02  2.784487e-03
 15.000  20.000  2.141667e-01  1.023380e+00  1.749213e-01  4.391030e-02  3.458009e-03
 15.000  20.000  2.158333e-01  1.023752e+00  1.749848e-01  4.862175e-03  4.115690e-03
 15.000  20.000  2.175000e-01  1.024127e+00  1.750489e-01  -1.291583e-02  2.803329e-03
 15.000  20.000  2.191667e-01  1.024506e+00  1.751137e-01  9.942496e-03  2.525357e-03
 15.000  20.000  2.208333e-01  1.024890e+00  1.751793e-01  4.188632e-02  3.167925e-03
 15.000  20.000  2.241667e-01  1.025665e+00  1.753118e-01  -1.044876e-02  3.534432e-03
 15.000  20.000  2.258333e-01  1.026053e+00  1.753782e-01  -1.893768e-03  2.408660e-03
 15.000  20.000  2.275000e-01  1.026447e+00  1.754455e-01  3.132483e-02  3.002024e-03
 15.000  20.000  2.291667e-01  1.026848e+00  1.755141e-01  4.453349e-02  3.912553e-03
 15.000  20.000  2.308333e-01  1.027253e+00  1.755832e-01  -1.198278e-02  3.950759e-03
 15.000  20.000  2.325000e-01  1.027651e+00  1.756513e-01  -1.076865e-02  2.458272e-03
 15.000  20.000  2.341667e-01  1.028054e+00  1.757202e-01  2.268316e-02  2.713213e-03
 15.000  20.000  2.358333e-01  1.028471e+00  1.757914e-01  4.127108e-02  3.384369e-03
 15.000  20.000  2.375000e-01  1.028884e+00  1.758620e-01  1.494007e-02  2.974034e-03
 15.000  20.000  2.391667e-01  1.029304e+00  1.759337e-01  -1.701867e-02  2.610249e-03
 15.000  20.000  2.408333e-01  1.029720e+00  1.760049e-01  7.601939e-03  2.565349e-03
 15.000  20.000  2.425000e-01  1.030147e+00  1.760780e-01  4.114324e-02  3.197218e-03
 15.000  20.000  2.441667e-01  1.030561e+00  1.761486e-01  3.428825e-02  7.155859e-03
 15.000  20.000  2.458333e-01  1.030993e+00  1.762225e-01  -1.821547e-02  3.110787e-03
 15.000  20.000  2.491667e-01  1.031868e+00  1.763720e-01  3.395442e-02  2.998226e-03
 15.000  20.000  2.508333e-01  1.032302e+00  1.764462e-01  4.318545e-02  4.618518e-03
 15.000  20.000  2.525000e-01  1.032749e+00  1.765225e-01  -2.064093e-02  3.856570e-03
 15.000  20.000  2.541667e-01  1.033191e+00  1.765981e-01  -4.007165e-03  2.667349e-03
 15.000  20.000  2.558333e-01  1.033635e+00  1.766741e-01  2.928255e-02  3.249569e-03
 15.000  20.000  2.575000e-01  1.034090e+00  1.767518e-01  4.862168e-02  3.733283e-03
 15.000  20.000  2.625000e-01  1.035469e+00  1.769875e-01  2.672989e-02  3.071782e-03
 15.000  20.000  2.658333e-01  1.036407e+00  1.771479e-01  5.768899e-02  6.386559e-03
 15.000  20.000  2.675000e-01  1.036874e+00  1.772276e-01  7.561168e-03  4.319629e-03
 15.000  20.000  2.691667e-01  1.037347e+00  1.773086e-01  4.743429e-02  4.362887e-03
 15.000  20.000  2.808333e-01  1.040761e+00  1.778921e-01  2.500000e-01  4.632713e-04
 20.000  30.000  7.916667e-02  1.003140e+00  1.686189e-01  -2.500000e-01  2.651004e-04
 20.000  30.000  8.083334e-02  1.003279e+00  1.686422e-01  -2.500000e-01  1.009983e-04
 20.000  30.000  8.250000e-02  1.003414e+00  1.686649e-01  -2.500000e-01  1.088740e-03
 20.000  30.000  8.416667e-02  1.003558e+00  1.686891e-01  -7.462239e-02  2.098793e-03
 20.000  30.000  8.583334e-02  1.003700e+00  1.687129e-01  -1.168843e-02  1.190521e-03
 20.000  30.000  8.750000e-02  1.003837e+00  1.687359e-01  1.941165e-02  1.220109e-03
 20.000  30.000  8.916667e-02  1.003990e+00  1.687617e-01  5.248727e-03  2.093093e-03
 20.000  30.000  9.083334e-02  1.004140e+00  1.687869e-01  2.774311e-02  1.819630e-03
 20.000  30.000  9.250000e-02  1.004295e+00  1.688129e-01  -2.335482e-04  1.722928e-03
 20.000  30.000  9.416667e-02  1.004451e+00  1.688392e-01  2.656872e-02  1.868707e-03
 20.000  30.000  9.583334e-02  1.004609e+00  1.688658e-01  -5.898466e-03  1.538744e-03
 20.000  30.000  9.750000e-02  1.004772e+00  1.688932e-01  1.947971e-02  1.781417e-03
 20.000  30.000  9.916667e-02  1.004938e+00  1.689211e-01  -3.903388e-03  1.376007e-03
 20.000  30.000  1.008333e-01  1.005105e+00  1.689491e-01  2.794456e-02  1.659923e-03
 20.000  30.000  1.025000e-01  1.005276e+00  1.689779e-01  -2.655687e-04  1.360086e-03
 20.000  30.000  1.041667e-01  1.005450e+00  1.690070e-01  3.557683e-02  1.663609e-03
 20.000  30.000  1.058333e-01  1.005628e+00  1.690370e-01  -2.121433e-03  1.319521e-03
 20.000  30.000  1.075000e-01  1.005806e+00  1.690669e-01  2.614059e-02  1.681822e-03
 20.000  30.000  1.091667e-01  1.005990e+00  1.690978e-01  -3.062201e-03  1.276662e-03
 20.000  30.000  1.108333e-01  1.006173e+00  1.691287e-01  3.333235e-02  1.630644e-03
 20.000  30.000  1.125000e-01  1.006363e+00  1.691605e-01  -1.536827e-03  1.266895e-03
 20.000  30.000  1.141667e-01  1.006552e+00  1.691923e-01  3.157549e-02  1.597708e-03
 20.000  30.000  1.158333e-01  1.006747e+00  1.692251e-01  -1.752563e-03  1.218355e-03
 20.000  30.000  1.175000e-01  1.006943e+00  1.692581e-01  3.065411e-02  1.605479e-03
 20.000  30.000  1.191667e-01  1.007144e+00  1.692918e-01  2.425395e-03  1.220741e-03
 20.000  30.000  1.208333e-01  1.007345e+00  1.693255e-01  3.061050e-02  1.563464e-03
 20.000  30.000  1.225000e-01  1.007551e+00  1.693603e-01  1.058928e-03  1.180803e-03
 20.000  30.000  1.241667e-01  1.007760e+00  1.693953e-01  3.143428e-02  1.726474e-03
 20.000  30.000  1.258333e-01  1.007969e+00  1.694305e-01  6.915748e-03  1.160814e-03
 20.000  30.000  1.275000e-01  1.008185e+00  1.694668e-01  1.625325e-02  1.816197e-03
 20.000  30.000  1.291667e-01  1.008399e+00  1.695028e-01  1.107119e-02  1.193232e-03
 20.000  30.000  1.308333e-01  1.008624e+00  1.695406e-01  1.918850e-04  1.368838e-03
 20.000  30.000  1.325000e-01  1.008844e+00  1.695776e-01  1.371453e-02  1.319807e-03
 20.000  30.000  1.341667e-01  1.009072e+00  1.696159e-01  -4.273187e-03  1.209390e-03
 20.000  30.000  1.358333e-01  1.009299e+00  1.696540e-01  1.282959e-03  1.327961e-03
 20.000  30.000  1.375000e-01  1.009526e+00  1.696923e-01  -5.451082e-03  1.176646e-03
 20.000  30.000  1.391667e-01  1.009763e+00  1.697320e-01  -1.732886e-02  1.176245e-03
 20.000  30.000  1.408333e-01  1.010005e+00  1.697727e-01  -2.102959e-02  8.272414e-04
 20.000  30.000  1.425000e-01  1.010243e+00  1.698127e-01  3.276703e-03  6.653415e-04
 20.000  30.000  1.441667e-01  1.010488e+00  1.698539e-01  1.199224e-02  6.018410e-04
 20.000  30.000  1.458333e-01  1.010723e+00  1.698934e-01  3.018305e-02  5.348544e-04
 20.000  30.000  1.475000e-01  1.010971e+00  1.699351e-01  1.001671e-01  8.393952e-04
 20.000  30.000  1.491667e-01  1.011228e+00  1.699784e-01  1.711304e-01  1.151716e-03
 20.000  30.000  1.508333e-01  1.011481e+00  1.700209e-01  2.438301e-01  1.342979e-03
 20.000  30.000  1.525000e-01  1.011742e+00  1.700647e-01  2.500000e-01  2.635859e-05
 20.000  30.000  1.541667e-01  1.012001e+00  1.701083e-01  4.863895e-02  1.875727e-03
 20.000  30.000  1.558333e-01  1.012265e+00  1.701527e-01  8.531572e-02  2.327797e-03
 20.000  30.000  1.575000e-01  1.012527e+00  1.701967e-01  7.963249e-03  1.663393e-03
 20.000  30.000  1.591667e-01  1.012795e+00  1.702418e-01  2.987635e-02  1.638979e-03
 20.000  30.000  1.608333e-01  1.013074e+00  1.702886e-01  4.980523e-02  2.717486e-03
 20.000  30.000  1.625000e-01  1.013354e+00  1.703356e-01  3.170969e-03  1.749789e-03
 20.000  30.000  1.641667e-01  1.013624e+00  1.703811e-01  1.872445e-02  1.588252e-03
 20.000  30.000  1.658333e-01  1.013908e+00  1.704288e-01  4.798608e-02  2.441010e-03
 20.000  30.000  1.675000e-01  1.014197e+00  1.704773e-01  1.643358e-02  2.363161e-03
 20.000  30.000  1.691667e-01  1.014480e+00  1.705249e-01  5.273387e-03  1.442263e-03
 20.000  30.000  1.708333e-01  1.014768e+00  1.705733e-01  3.790460e-02  1.951073e-03
 20.000  30.000  1.725000e-01  1.015064e+00  1.706231e-01  3.806625e-02  2.796317e-03
 20.000  30.000  1.741667e-01  1.015362e+00  1.706733e-01  4.083365e-03  2.073739e-03
 20.000  30.000  1.758333e-01  1.015659e+00  1.707232e-01  7.024808e-03  1.494295e-03
 20.000  30.000  1.775000e-01  1.015961e+00  1.707739e-01  4.261611e-02  2.261873e-03
 20.000  30.000  1.791667e-01  1.016269e+00  1.708258e-01  3.675215e-02  2.893250e-03
 20.000  30.000  1.808333e-01  1.016577e+00  1.708775e-01  3.937104e-03  2.181392e-03
 20.000  30.000  1.825000e-01  1.016886e+00  1.709294e-01  3.595834e-03  1.514627e-03
 20.000  30.000  1.841667e-01  1.017200e+00  1.709822e-01  3.879565e-02  2.066393e-03
 20.000  30.000  1.858333e-01  1.017520e+00  1.710359e-01  3.429669e-02  2.864495e-03
 20.000  30.000  1.875000e-01  1.017841e+00  1.710900e-01  4.821709e-03  2.380566e-03
 20.000  30.000  1.891667e-01  1.018165e+00  1.711444e-01  -4.254421e-04  1.546769e-03
 20.000  30.000  1.908333e-01  1.018484e+00  1.711980e-01  3.277666e-02  1.890120e-03
 20.000  30.000  1.925000e-01  1.018819e+00  1.712543e-01  4.393080e-02  3.000512e-03
 20.000  30.000  1.941667e-01  1.019153e+00  1.713104e-01  1.087694e-02  2.770906e-03
 20.000  30.000  1.958333e-01  1.019490e+00  1.713672e-01  -7.418511e-03  1.756515e-03
 20.000  30.000  1.975000e-01  1.019820e+00  1.714226e-01  1.634993e-02  1.727382e-03
 20.000  30.000  1.991667e-01  1.020167e+00  1.714809e-01  4.814312e-02  2.510203e-03
 20.000  30.000  2.008333e-01  1.020516e+00  1.715395e-01  3.434657e-02  3.277764e-03
 20.000  30.000  2.025000e-01  1.020859e+00  1.715972e-01  -6.178888e-03  2.219665e-03
 20.000  30.000  2.041667e-01  1.021207e+00  1.716557e-01  4.436004e-03  1.604352e-03
 20.000  30.000  2.058333e-01  1.021563e+00  1.717155e-01  3.653534e-02  2.195895e-03
 20.000  30.000  2.075000e-01  1.021921e+00  1.717758e-01  3.873923e-02  2.969612e-03
 20.000  30.000  2.091667e-01  1.022285e+00  1.718369e-01  5.937079e-03  2.510673e-03
 20.000  30.000  2.108333e-01  1.022647e+00  1.718977e-01  -6.979690e-03  1.630447e-03
 20.000  30.000  2.125000e-01  1.023007e+00  1.719583e-01  2.259590e-02  1.818454e-03
 20.000  30.000  2.141667e-01  1.023379e+00  1.720209e-01  4.672765e-02  2.474236e-03
 20.000  30.000  2.158333e-01  1.023755e+00  1.720839e-01  1.101136e-02  3.129049e-03
 20.000  30.000  2.175000e-01  1.024128e+00  1.721467e-01  -1.100210e-02  1.883844e-03
 20.000  30.000  2.191667e-01  1.024503e+00  1.722097e-01  9.509225e-03  1.649293e-03
 20.000  30.000  2.208333e-01  1.024890e+00  1.722748e-01  3.693465e-02  2.126773e-03
 20.000  30.000  2.225000e-01  1.025271e+00  1.723389e-01  3.943975e-02  3.632612e-03
 20.000  30.000  2.241667e-01  1.025667e+00  1.724054e-01  -1.394795e-02  2.195722e-03
 20.000  30.000  2.258333e-01  1.026056e+00  1.724707e-01  -2.601295e-03  1.647558e-03
 20.000  30.000  2.275000e-01  1.026444e+00  1.725360e-01  3.078744e-02  1.895954e-03
 20.000  30.000  2.291667e-01  1.026847e+00  1.726038e-01  5.044187e-02  2.365055e-03
 20.000  30.000  2.308333e-01  1.027248e+00  1.726712e-01  -1.413327e-02  2.503601e-03
 20.000  30.000  2.325000e-01  1.027653e+00  1.727392e-01  -9.465366e-03  1.700723e-03
 20.000  30.000  2.341667e-01  1.028056e+00  1.728070e-01  1.995627e-02  1.787426e-03
 20.000  30.000  2.358333e-01  1.028471e+00  1.728768e-01  4.580058e-02  2.249697e-03
 20.000  30.000  2.375000e-01  1.028884e+00  1.729462e-01  -9.197221e-04  3.018139e-03
 20.000  30.000  2.391667e-01  1.029301e+00  1.730162e-01  -1.409970e-02  1.874555e-03
 20.000  30.000  2.408333e-01  1.029718e+00  1.730863e-01  1.210577e-02  1.742223e-03
 20.000  30.000  2.425000e-01  1.030147e+00  1.731585e-01  4.057205e-02  1.948573e-03
 20.000  30.000  2.441667e-01  1.030560e+00  1.732278e-01  4.130913e-02  4.384569e-03
 20.000  30.000  2.458333e-01  1.030991e+00  1.733003e-01  -1.469905e-02  2.190342e-03
 20.000  30.000  2.475000e-01  1.031425e+00  1.733732e-01  4.746474e-03  1.794735e-03
 20.000  30.000  2.491667e-01  1.031864e+00  1.734471e-01  3.500765e-02  2.747061e-05
 20.000  30.000  2.508333e-01  1.032302e+00  1.735206e-01  5.810397e-02  2.509824e-03
 20.000  30.000  2.525000e-01  1.032748e+00  1.735957e-01  -1.099189e-02  2.897399e-03
 20.000  30.000  2.541667e-01  1.033194e+00  1.736706e-01  -4.701465e-03  1.829238e-03
 20.000  30.000  2.558333e-01  1.033635e+00  1.737448e-01  2.989866e-02  1.977281e-03
 20.000  30.000  2.575000e-01  1.034091e+00  1.738214e-01  5.587961e-02  2.337120e-03
 20.000  30.000  2.591667e-01  1.034552e+00  1.738989e-01  -1.085616e-02  3.420335e-03
 20.000  30.000  2.608333e-01  1.035007e+00  1.739754e-01  -5.263275e-03  2.098933e-03
 20.000  30.000  2.625000e-01  1.035470e+00  1.740532e-01  2.613693e-02  2.060619e-03
 20.000  30.000  2.641667e-01  1.035933e+00  1.741310e-01  5.321975e-02  2.203540e-03
 20.000  30.000  2.658333e-01  1.036404e+00  1.742102e-01  6.679960e-02  3.756011e-03
 20.000  30.000  2.675000e-01  1.036878e+00  1.742898e-01  1.315448e-02  3.058867e-03
 20.000  30.000  2.691667e-01  1.037349e+00  1.743690e-01  5.536424e-02  3.356876e-03
 20.000  30.000  2.708333e-01  1.037825e+00  1.744491e-01  8.827050e-02  3.457818e-03
 20.000  30.000  2.741667e-01  1.038795e+00  1.746121e-01  1.745412e-01  5.145535e-03
 20.000  30.000  2.775000e-01  1.039783e+00  1.747781e-01  2.500000e-01  1.154694e-03
 20.000  30.000  2.808333e-01  1.040753e+00  1.749412e-01  2.500000e-01  2.283582e-04
 20.000  30.000  2.825000e-01  1.041267e+00  1.750275e-01  2.500000e-01  3.232029e-04
