  2.000   4.000  5.833333e-03  1.000018e+00  1.913003e-01  -2.499999e-01  7.112109e-04
  2.000   4.000  7.500000e-03  1.000028e+00  1.913024e-01  -2.473175e-01  6.132546e-03
  2.000   4.000  1.583333e-02  1.000126e+00  1.913210e-01  9.053705e-04  4.289095e-03
  2.000   4.000  2.583333e-02  1.000333e+00  1.913607e-01  -8.926536e-02  1.192075e-02
  2.000   4.000  5.750000e-02  1.001656e+00  1.916138e-01  -2.499998e-01  1.207452e-03
  2.000   4.000  7.083334e-02  1.002511e+00  1.917774e-01  1.737486e-01  1.188381e-02
  2.000   4.000  7.583334e-02  1.002882e+00  1.918484e-01  2.500000e-01  6.141441e-04
  2.000   4.000  8.750000e-02  1.003844e+00  1.920323e-01  -9.633305e-02  6.980530e-03
  2.000   4.000  9.583334e-02  1.004610e+00  1.921788e-01  2.162066e-01  1.325111e-02
  2.000   4.000  1.025000e-01  1.005282e+00  1.923075e-01  -2.500000e-01  1.399572e-03
  2.000   4.000  1.158333e-01  1.006747e+00  1.925877e-01  -1.540035e-03  9.567833e-03
  2.000   4.000  1.191667e-01  1.007143e+00  1.926634e-01  6.458684e-03  1.484432e-02
  2.000   4.000  1.308333e-01  1.008625e+00  1.929469e-01  -2.500000e-01  9.236370e-04
  2.000   4.000  1.325000e-01  1.008840e+00  1.929880e-01  -2.383932e-01  8.813182e-03
  2.000   4.000  1.508333e-01  1.011491e+00  1.934953e-01  1.974733e-01  1.234632e-02
  2.000   4.000  1.575000e-01  1.012529e+00  1.936937e-01  2.499999e-01  3.149886e-03
  2.000   4.000  1.675000e-01  1.014197e+00  1.940128e-01  -2.500000e-01  9.343434e-04
  2.000   4.000  1.758333e-01  1.015669e+00  1.942944e-01  -1.159951e-01  9.015359e-03
  2.000   4.000  1.941667e-01  1.019141e+00  1.949587e-01  6.522337e-02  1.437825e-02
  2.000   4.000  1.975000e-01  1.019823e+00  1.950891e-01  2.727096e-02  1.299679e-02
  2.000   4.000  2.091667e-01  1.022285e+00  1.955600e-01  7.888558e-02  1.341150e-02
  2.000   4.000  2.491667e-01  1.031873e+00  1.973943e-01  1.091381e-02  1.427429e-02
  2.000   4.000  2.941667e-01  1.044896e+00  1.998854e-01  -8.263847e-03  9.158032e-03
  2.000   4.000  2.991667e-01  1.046507e+00  2.001936e-01  -9.880952e-03  1.394898e-02
  4.000   6.000  8.333334e-04  1.000000e+00  1.861851e-01  -2.500000e-01  1.738400e-03
  4.000   6.000  5.833333e-03  1.000017e+00  1.861882e-01  -2.500000e-01  7.116226e-04
  4.000   6.000  1.083333e-02  1.000059e+00  1.861961e-01  -1.495221e-01  5.209656e-03
  4.000   6.000  1.416667e-02  1.000100e+00  1.862037e-01  -4.491651e-02  3.696383e-03
  4.000   6.000  4.583333e-02  1.001052e+00  1.863809e-01  2.148765e-01  8.282670e-03
  4.000   6.000  6.250000e-02  1.001958e+00  1.865495e-01  -9.969908e-02  6.028610e-03
  4.000   6.000  6.583333e-02  1.002172e+00  1.865893e-01  4.127719e-03  6.981260e-03
  4.000   6.000  6.916667e-02  1.002394e+00  1.866308e-01  1.041510e-01  1.024877e-02
  4.000   6.000  7.583334e-02  1.002878e+00  1.867209e-01  2.500000e-01  6.511474e-04
  4.000   6.000  7.750000e-02  1.003012e+00  1.867458e-01  -2.499999e-01  9.314758e-04
  4.000   6.000  1.058333e-01  1.005629e+00  1.872330e-01  -2.500000e-01  7.796403e-04
  4.000   6.000  1.141667e-01  1.006548e+00  1.874042e-01  -4.270490e-02  8.680328e-03
  4.000   6.000  1.175000e-01  1.006941e+00  1.874773e-01  -4.921949e-03  6.386758e-03
  4.000   6.000  1.208333e-01  1.007337e+00  1.875510e-01  1.288113e-01  3.892912e-02
  4.000   6.000  1.258333e-01  1.007965e+00  1.876679e-01  -2.500000e-01  1.107374e-03
  4.000   6.000  1.508333e-01  1.011490e+00  1.883242e-01  2.339153e-01  8.260045e-03
  4.000   6.000  1.541667e-01  1.011997e+00  1.884187e-01  7.059081e-02  8.104802e-03
  4.000   6.000  1.558333e-01  1.012261e+00  1.884678e-01  2.500000e-01  3.184101e-03
  4.000   6.000  1.591667e-01  1.012796e+00  1.885674e-01  2.500000e-01  1.181933e-03
  4.000   6.000  1.658333e-01  1.013912e+00  1.887751e-01  -2.500000e-01  8.283988e-04
  4.000   6.000  1.675000e-01  1.014191e+00  1.888271e-01  -2.500000e-01  9.386385e-04
  4.000   6.000  2.208333e-01  1.024892e+00  1.908194e-01  1.926307e-01  1.129678e-02
  4.000   6.000  2.408333e-01  1.029711e+00  1.917168e-01  5.632153e-02  1.469303e-02
  4.000   6.000  2.541667e-01  1.033192e+00  1.923649e-01  1.491275e-02  1.207608e-02
  4.000   6.000  2.725000e-01  1.038313e+00  1.933184e-01  6.649780e-02  1.450208e-02
  4.000   6.000  2.875000e-01  1.042805e+00  1.941546e-01  -5.924374e-02  1.078641e-02
  6.000   8.000  7.500000e-03  1.000028e+00  1.844612e-01  -2.475319e-01  5.687042e-03
  6.000   8.000  1.416667e-02  1.000101e+00  1.844746e-01  -4.342829e-02  3.623314e-03
  6.000   8.000  1.750000e-02  1.000152e+00  1.844841e-01  5.662141e-02  4.393153e-03
  6.000   8.000  2.583333e-02  1.000334e+00  1.845177e-01  2.500000e-01  5.485740e-04
  6.000   8.000  2.750000e-02  1.000381e+00  1.845262e-01  -2.500000e-01  9.878817e-04
  6.000   8.000  4.416667e-02  1.000975e+00  1.846358e-01  1.410244e-01  7.535149e-03
  6.000   8.000  4.916667e-02  1.001213e+00  1.846798e-01  -5.019020e-02  1.704716e-02
  6.000   8.000  5.083333e-02  1.001295e+00  1.846948e-01  -2.500000e-01  1.634651e-03
  6.000   8.000  5.916667e-02  1.001754e+00  1.847796e-01  -2.065932e-01  6.825756e-03
  6.000   8.000  6.250000e-02  1.001959e+00  1.848174e-01  -9.094528e-02  5.774587e-03
  6.000   8.000  6.583333e-02  1.002170e+00  1.848563e-01  6.435180e-04  6.755938e-03
  6.000   8.000  7.416667e-02  1.002758e+00  1.849647e-01  -2.500000e-01  1.721562e-03
  6.000   8.000  8.083334e-02  1.003277e+00  1.850605e-01  -2.500000e-01  6.939097e-04
  6.000   8.000  9.416667e-02  1.004447e+00  1.852763e-01  1.333452e-01  1.457989e-02
  6.000   8.000  1.125000e-01  1.006362e+00  1.856296e-01  -6.439177e-02  6.890471e-03
  6.000   8.000  1.258333e-01  1.007969e+00  1.859259e-01  -2.500000e-01  9.034161e-04
  6.000   8.000  1.391667e-01  1.009758e+00  1.862560e-01  -1.254318e-01  1.380935e-02
  6.000   8.000  1.475000e-01  1.010976e+00  1.864805e-01  -2.500000e-01  6.002430e-03
  6.000   8.000  1.525000e-01  1.011744e+00  1.866222e-01  1.141715e-01  8.613200e-03
  6.000   8.000  1.575000e-01  1.012530e+00  1.867672e-01  2.500000e-01  1.103785e-03
  6.000   8.000  1.708333e-01  1.014768e+00  1.871800e-01  -2.500000e-01  2.619731e-03
  6.000   8.000  1.825000e-01  1.016881e+00  1.875697e-01  -5.552818e-02  1.041358e-02
  6.000   8.000  2.141667e-01  1.023378e+00  1.887681e-01  1.564419e-01  1.288837e-02
  6.000   8.000  2.325000e-01  1.027648e+00  1.895559e-01  1.450004e-01  6.686268e-03
  6.000   8.000  2.808333e-01  1.040771e+00  1.919765e-01  -6.468558e-02  2.550213e-02
  6.000   8.000  2.891667e-01  1.043322e+00  1.924469e-01  -2.506855e-02  7.641778e-03
  6.000   8.000  2.908333e-01  1.043829e+00  1.925406e-01  -1.629797e-02  1.032469e-02
  8.000  10.000  7.500000e-03  1.000029e+00  1.864293e-01  -2.437724e-01  6.070691e-03
  8.000  10.000  1.416667e-02  1.000101e+00  1.864429e-01  -4.139532e-02  3.688614e-03
  8.000  10.000  1.583333e-02  1.000125e+00  1.864473e-01  6.602875e-03  3.882851e-03
  8.000  10.000  2.083333e-02  1.000218e+00  1.864646e-01  1.758253e-01  5.623973e-03
  8.000  10.000  2.416667e-02  1.000292e+00  1.864785e-01  2.500000e-01  5.494316e-04
  8.000  10.000  3.416667e-02  1.000585e+00  1.865330e-01  -2.316430e-01  6.324919e-03
  8.000  10.000  3.916667e-02  1.000767e+00  1.865670e-01  -3.654993e-02  4.706074e-03
  8.000  10.000  4.250000e-02  1.000902e+00  1.865922e-01  7.775398e-02  6.804616e-03
  8.000  10.000  5.083333e-02  1.001292e+00  1.866648e-01  -2.500000e-01  1.766582e-03
  8.000  10.000  6.750000e-02  1.002284e+00  1.868498e-01  5.289990e-02  9.787678e-03
  8.000  10.000  9.750000e-02  1.004772e+00  1.873135e-01  -1.274653e-02  9.993498e-03
  8.000  10.000  1.225000e-01  1.007552e+00  1.878319e-01  -2.500000e-01  1.443901e-03
  8.000  10.000  1.408333e-01  1.009997e+00  1.882877e-01  -1.212445e-01  1.373428e-02
  8.000  10.000  1.491667e-01  1.011226e+00  1.885168e-01  -5.063457e-02  1.142021e-02
  8.000  10.000  1.541667e-01  1.011998e+00  1.886607e-01  1.638503e-01  2.978376e-02
  8.000  10.000  1.658333e-01  1.013905e+00  1.890162e-01  -2.500000e-01  8.762165e-04
  8.000  10.000  1.675000e-01  1.014202e+00  1.890716e-01  -2.500000e-01  7.010298e-04
  8.000  10.000  1.708333e-01  1.014767e+00  1.891769e-01  -2.500000e-01  9.104201e-03
  8.000  10.000  1.758333e-01  1.015659e+00  1.893433e-01  -7.309360e-02  7.579899e-03
  8.000  10.000  1.975000e-01  1.019833e+00  1.901214e-01  2.567650e-02  1.099883e-02
  8.000  10.000  2.041667e-01  1.021205e+00  1.903772e-01  4.812297e-02  8.927088e-03
  8.000  10.000  2.108333e-01  1.022634e+00  1.906434e-01  1.081961e-01  1.461526e-02
  8.000  10.000  2.208333e-01  1.024891e+00  1.910644e-01  1.939178e-01  1.396089e-02
  8.000  10.000  2.775000e-01  1.039791e+00  1.938419e-01  8.686851e-02  1.829132e-02
 10.000  12.000  8.333334e-04  1.000000e+00  1.852531e-01  -2.500000e-01  1.526873e-03
 10.000  12.000  2.500000e-03  1.000003e+00  1.852536e-01  -2.500000e-01  1.096359e-03
 10.000  12.000  4.166667e-03  1.000009e+00  1.852547e-01  -2.500000e-01  8.725220e-04
 10.000  12.000  1.750000e-02  1.000153e+00  1.852813e-01  6.051652e-02  4.398503e-03
 10.000  12.000  3.583333e-02  1.000644e+00  1.853723e-01  -1.577835e-01  5.935852e-03
 10.000  12.000  4.250000e-02  1.000902e+00  1.854201e-01  8.116502e-02  6.798257e-03
 10.000  12.000  5.083333e-02  1.001291e+00  1.854922e-01  -2.500000e-01  1.474519e-03
 10.000  12.000  5.416667e-02  1.001470e+00  1.855253e-01  -2.500000e-01  9.850719e-04
 10.000  12.000  5.916667e-02  1.001755e+00  1.855781e-01  -2.152911e-01  8.242551e-03
 10.000  12.000  6.083333e-02  1.001854e+00  1.855965e-01  -1.424038e-01  6.837673e-03
 10.000  12.000  7.250000e-02  1.002634e+00  1.857409e-01  -5.180553e-02  1.166582e-02
 10.000  12.000  7.416667e-02  1.002759e+00  1.857640e-01  2.500000e-01  6.580029e-04
 10.000  12.000  8.750000e-02  1.003841e+00  1.859646e-01  -5.915651e-02  7.042889e-03
 10.000  12.000  8.916667e-02  1.003986e+00  1.859915e-01  -1.857246e-02  7.248585e-03
 10.000  12.000  9.083334e-02  1.004140e+00  1.860199e-01  1.600503e-02  8.572384e-03
 10.000  12.000  1.008333e-01  1.005105e+00  1.861987e-01  -2.500000e-01  1.369783e-03
 10.000  12.000  1.041667e-01  1.005448e+00  1.862623e-01  -2.500000e-01  7.610026e-04
 10.000  12.000  1.191667e-01  1.007136e+00  1.865749e-01  2.193993e-02  1.605269e-02
 10.000  12.000  1.291667e-01  1.008400e+00  1.868092e-01  -2.499999e-01  5.632464e-04
 10.000  12.000  1.441667e-01  1.010485e+00  1.871953e-01  -7.707604e-02  9.655775e-03
 10.000  12.000  1.525000e-01  1.011745e+00  1.874287e-01  8.550846e-02  8.278217e-03
 10.000  12.000  1.641667e-01  1.013623e+00  1.877767e-01  2.500000e-01  7.270723e-04
 10.000  12.000  1.691667e-01  1.014481e+00  1.879356e-01  -2.500000e-01  1.582754e-03
 10.000  12.000  2.008333e-01  1.020506e+00  1.890518e-01  3.095956e-02  7.705557e-03
 10.000  12.000  2.041667e-01  1.021206e+00  1.891814e-01  4.158554e-02  8.715905e-03
 10.000  12.000  2.141667e-01  1.023379e+00  1.895841e-01  1.562339e-01  1.331228e-02
 10.000  12.000  2.441667e-01  1.030561e+00  1.909145e-01  3.398720e-02  1.152312e-02
 12.000  15.000  2.500000e-03  1.000003e+00  1.854566e-01  -2.499998e-01  1.917501e-03
 12.000  15.000  1.083333e-02  1.000059e+00  1.854670e-01  -1.449584e-01  3.429733e-03
 12.000  15.000  1.416667e-02  1.000101e+00  1.854747e-01  -4.035257e-02  2.979999e-03
 12.000  15.000  1.583333e-02  1.000125e+00  1.854792e-01  7.656962e-03  3.093007e-03
 12.000  15.000  1.916667e-02  1.000184e+00  1.854900e-01  1.161210e-01  4.416685e-03
 12.000  15.000  2.916667e-02  1.000426e+00  1.855350e-01  -2.500000e-01  3.128826e-04
 12.000  15.000  5.083333e-02  1.001292e+00  1.856957e-01  -2.499999e-01  1.110595e-03
 12.000  15.000  5.416667e-02  1.001469e+00  1.857283e-01  -2.500000e-01  4.901869e-04
 12.000  15.000  6.083333e-02  1.001856e+00  1.858001e-01  -1.381354e-01  5.766478e-03
 12.000  15.000  6.416667e-02  1.002062e+00  1.858384e-01  -3.003188e-02  4.619907e-03
 12.000  15.000  6.916667e-02  1.002397e+00  1.859005e-01  1.472316e-01  8.746358e-03
 12.000  15.000  7.416667e-02  1.002757e+00  1.859673e-01  -2.499999e-01  1.367712e-03
 12.000  15.000  7.750000e-02  1.003008e+00  1.860138e-01  -2.500000e-01  6.472413e-04
 12.000  15.000  8.083334e-02  1.003278e+00  1.860639e-01  -2.499999e-01  4.014791e-04
 12.000  15.000  8.250000e-02  1.003415e+00  1.860893e-01  -2.457098e-01  7.333679e-03
 12.000  15.000  8.916667e-02  1.003989e+00  1.861957e-01  -1.209696e-02  6.030795e-03
 12.000  15.000  9.583334e-02  1.004611e+00  1.863111e-01  2.499999e-01  1.731456e-03
 12.000  15.000  1.091667e-01  1.005992e+00  1.865673e-01  -1.494113e-01  6.430343e-03
 12.000  15.000  1.125000e-01  1.006364e+00  1.866362e-01  -3.869831e-02  5.986679e-03
 12.000  15.000  1.141667e-01  1.006552e+00  1.866710e-01  -1.586655e-02  7.621036e-03
 12.000  15.000  1.158333e-01  1.006746e+00  1.867070e-01  -3.948201e-03  8.343649e-03
 12.000  15.000  1.191667e-01  1.007141e+00  1.867804e-01  -2.505387e-02  1.251983e-02
 12.000  15.000  1.208333e-01  1.007343e+00  1.868178e-01  2.499999e-01  2.402028e-03
 12.000  15.000  1.341667e-01  1.009071e+00  1.871383e-01  -1.122640e-01  8.123821e-03
 12.000  15.000  1.358333e-01  1.009289e+00  1.871786e-01  -1.520333e-01  1.603867e-02
 12.000  15.000  1.541667e-01  1.012000e+00  1.876814e-01  2.500000e-01  1.109070e-02
 12.000  15.000  1.558333e-01  1.012262e+00  1.877300e-01  2.500000e-01  7.090145e-04
 12.000  15.000  1.575000e-01  1.012532e+00  1.877801e-01  2.500000e-01  7.978460e-04
 12.000  15.000  1.675000e-01  1.014199e+00  1.880892e-01  -2.500000e-01  5.609360e-04
 12.000  15.000  1.741667e-01  1.015356e+00  1.883039e-01  -1.107472e-01  6.847950e-03
 12.000  15.000  1.775000e-01  1.015958e+00  1.884155e-01  -4.888844e-02  8.164930e-03
 12.000  15.000  1.825000e-01  1.016891e+00  1.885885e-01  -6.165636e-02  9.453019e-03
 12.000  15.000  2.141667e-01  1.023381e+00  1.897922e-01  1.598928e-01  9.337678e-03
 12.000  15.000  2.275000e-01  1.026450e+00  1.903613e-01  2.499999e-01  5.567216e-03
 12.000  15.000  2.658333e-01  1.036399e+00  1.922064e-01  6.046520e-02  1.184032e-02
 12.000  15.000  2.841667e-01  1.041794e+00  1.932070e-01  -7.562841e-02  8.709305e-03
 12.000  15.000  2.875000e-01  1.042810e+00  1.933955e-01  -2.652269e-02  1.019065e-02
 12.000  15.000  2.891667e-01  1.043317e+00  1.934895e-01  -1.983186e-02  7.555313e-03
 12.000  15.000  2.908333e-01  1.043822e+00  1.935831e-01  -2.025812e-02  6.203620e-03
 15.000  20.000  8.333334e-04  1.000000e+00  1.839701e-01  -2.500000e-01  6.113019e-04
 15.000  20.000  7.500000e-03  1.000028e+00  1.839752e-01  -2.482106e-01  4.079221e-03
 15.000  20.000  1.083333e-02  1.000059e+00  1.839809e-01  -1.463159e-01  3.460075e-03
 15.000  20.000  1.250000e-02  1.000079e+00  1.839845e-01  -9.433662e-02  2.908981e-03
 15.000  20.000  1.416667e-02  1.000101e+00  1.839886e-01  -3.772826e-02  2.268081e-03
 15.000  20.000  1.583333e-02  1.000125e+00  1.839930e-01  1.052806e-02  2.353781e-03
 15.000  20.000  2.083333e-02  1.000218e+00  1.840101e-01  1.797728e-01  3.843704e-03
 15.000  20.000  2.416667e-02  1.000292e+00  1.840238e-01  2.500000e-01  2.280246e-04
 15.000  20.000  2.583333e-02  1.000335e+00  1.840316e-01  -2.500000e-01  6.650361e-04
 15.000  20.000  2.750000e-02  1.000380e+00  1.840399e-01  -2.500000e-01  3.356308e-04
 15.000  20.000  3.083333e-02  1.000475e+00  1.840573e-01  -2.500000e-01  1.986184e-04
 15.000  20.000  3.250000e-02  1.000528e+00  1.840672e-01  -2.500000e-01  2.767473e-04
 15.000  20.000  3.583333e-02  1.000643e+00  1.840883e-01  -1.579146e-01  3.825120e-03
 15.000  20.000  3.750000e-02  1.000706e+00  1.840998e-01  -9.035502e-02  3.372246e-03
 15.000  20.000  4.250000e-02  1.000903e+00  1.841361e-01  8.400211e-02  4.365110e-03
 15.000  20.000  4.583333e-02  1.001051e+00  1.841633e-01  -9.047185e-03  9.440568e-03
 15.000  20.000  4.750000e-02  1.001129e+00  1.841777e-01  -4.743033e-02  9.451539e-03
 15.000  20.000  4.916667e-02  1.001210e+00  1.841926e-01  -2.500000e-01  5.861353e-04
 15.000  20.000  5.583333e-02  1.001562e+00  1.842574e-01  -2.500000e-01  2.460575e-04
 15.000  20.000  5.750000e-02  1.001657e+00  1.842748e-01  -2.500000e-01  6.250922e-04
 15.000  20.000  6.416667e-02  1.002063e+00  1.843494e-01  -2.307742e-02  3.979147e-03
 15.000  20.000  6.583333e-02  1.002169e+00  1.843690e-01  1.274451e-02  4.788845e-03
 15.000  20.000  6.916667e-02  1.002395e+00  1.844107e-01  1.524084e-01  6.926934e-03
 15.000  20.000  7.083334e-02  1.002515e+00  1.844327e-01  -5.511800e-02  5.658127e-03
 15.000  20.000  7.250000e-02  1.002636e+00  1.844549e-01  2.500000e-01  3.979844e-04
 15.000  20.000  8.416667e-02  1.003552e+00  1.846235e-01  -1.845261e-01  5.246510e-03
 15.000  20.000  8.583334e-02  1.003697e+00  1.846502e-01  -1.104591e-01  4.912384e-03
 15.000  20.000  8.916667e-02  1.003990e+00  1.847040e-01  -1.168773e-02  4.564352e-03
 15.000  20.000  9.416667e-02  1.004452e+00  1.847890e-01  1.320571e-01  1.107086e-02
 15.000  20.000  9.583334e-02  1.004609e+00  1.848180e-01  -2.216072e-02  6.577793e-03
 15.000  20.000  9.916667e-02  1.004935e+00  1.848779e-01  -2.500000e-01  6.573612e-04
 15.000  20.000  1.008333e-01  1.005107e+00  1.849095e-01  -2.500000e-01  5.338028e-04
 15.000  20.000  1.041667e-01  1.005454e+00  1.849734e-01  -2.500000e-01  3.137931e-04
 15.000  20.000  1.075000e-01  1.005806e+00  1.850382e-01  -1.971325e-01  6.355604e-03
 15.000  20.000  1.091667e-01  1.005991e+00  1.850722e-01  -1.329564e-01  4.936031e-03
 15.000  20.000  1.108333e-01  1.006177e+00  1.851063e-01  -8.096411e-02  4.266354e-03
 15.000  20.000  1.225000e-01  1.007551e+00  1.853591e-01  -2.500000e-01  5.667652e-04
 15.000  20.000  1.291667e-01  1.008401e+00  1.855156e-01  -2.500000e-01  2.614320e-04
 15.000  20.000  1.325000e-01  1.008846e+00  1.855973e-01  -2.034251e-01  8.999821e-03
 15.000  20.000  1.441667e-01  1.010484e+00  1.858987e-01  -6.322976e-02  7.601098e-03
 15.000  20.000  1.491667e-01  1.011229e+00  1.860357e-01  2.499992e-01  2.571213e-02
 15.000  20.000  1.541667e-01  1.012001e+00  1.861778e-01  2.500000e-01  1.086085e-03
 15.000  20.000  1.558333e-01  1.012261e+00  1.862256e-01  2.500000e-01  5.469902e-04
 15.000  20.000  1.575000e-01  1.012530e+00  1.862751e-01  2.500000e-01  4.216781e-04
 15.000  20.000  1.591667e-01  1.012801e+00  1.863250e-01  2.500000e-01  3.875630e-04
 15.000  20.000  1.641667e-01  1.013622e+00  1.864760e-01  2.500000e-01  2.642883e-04
 15.000  20.000  1.658333e-01  1.013907e+00  1.865284e-01  -2.500000e-01  2.577017e-04
 15.000  20.000  2.008333e-01  1.020509e+00  1.877430e-01  3.581406e-02  4.948976e-03
 15.000  20.000  2.191667e-01  1.024507e+00  1.884786e-01  1.939430e-01  8.990773e-03
 15.000  20.000  2.225000e-01  1.025279e+00  1.886206e-01  2.348042e-01  7.790785e-03
 15.000  20.000  2.308333e-01  1.027248e+00  1.889828e-01  2.500000e-01  1.156823e-03
 15.000  20.000  2.358333e-01  1.028473e+00  1.892083e-01  2.500000e-01  1.597876e-03
 15.000  20.000  2.425000e-01  1.030142e+00  1.895151e-01  4.109236e-02  7.635693e-03
 15.000  20.000  2.441667e-01  1.030562e+00  1.895925e-01  2.210382e-02  7.530089e-03
 15.000  20.000  2.525000e-01  1.032758e+00  1.899964e-01  1.688345e-02  6.655284e-03
 15.000  20.000  2.608333e-01  1.035010e+00  1.904108e-01  3.270398e-02  8.783205e-03
 15.000  20.000  2.758333e-01  1.039289e+00  1.911979e-01  -7.010684e-02  2.191016e-02
 15.000  20.000  2.841667e-01  1.041780e+00  1.916562e-01  -5.752734e-02  8.756902e-03
 15.000  20.000  2.858333e-01  1.042285e+00  1.917491e-01  -3.810080e-02  7.946054e-03
 15.000  20.000  2.941667e-01  1.044895e+00  1.922293e-01  -5.405063e-03  6.769741e-03
 15.000  20.000  2.991667e-01  1.046494e+00  1.925235e-01  5.424371e-03  7.611188e-03
 20.000  30.000  4.166667e-03  1.000009e+00  1.838396e-01  -2.500000e-01  2.218151e-04
 20.000  30.000  9.166667e-03  1.000042e+00  1.838458e-01  -1.979363e-01  2.750388e-03
 20.000  30.000  1.083333e-02  1.000059e+00  1.838489e-01  -1.443095e-01  2.539259e-03
 20.000  30.000  1.250000e-02  1.000079e+00  1.838525e-01  -9.038370e-02  2.062250e-03
 20.000  30.000  1.416667e-02  1.000101e+00  1.838566e-01  -3.637851e-02  1.604195e-03
 20.000  30.000  1.583333e-02  1.000125e+00  1.838610e-01  1.310210e-02  1.659541e-03
 20.000  30.000  1.750000e-02  1.000153e+00  1.838660e-01  6.238692e-02  2.193739e-03
 20.000  30.000  2.083333e-02  1.000218e+00  1.838780e-01  1.826299e-01  2.736672e-03
 20.000  30.000  2.250000e-02  1.000253e+00  1.838845e-01  2.414344e-01  2.789844e-03
 20.000  30.000  2.583333e-02  1.000334e+00  1.838994e-01  -1.000093e-01  7.593286e-03
 20.000  30.000  2.750000e-02  1.000379e+00  1.839077e-01  -2.500000e-01  1.403171e-04
 20.000  30.000  2.916667e-02  1.000425e+00  1.839161e-01  -2.500000e-01  9.758842e-05
 20.000  30.000  3.416667e-02  1.000584e+00  1.839453e-01  -2.213885e-01  2.850498e-03
 20.000  30.000  3.583333e-02  1.000643e+00  1.839562e-01  -1.537650e-01  2.739010e-03
 20.000  30.000  3.750000e-02  1.000705e+00  1.839676e-01  -8.513584e-02  2.277570e-03
 20.000  30.000  3.916667e-02  1.000769e+00  1.839793e-01  -2.516509e-02  6.586170e-05
 20.000  30.000  4.083333e-02  1.000833e+00  1.839912e-01  2.724870e-02  2.387548e-03
 20.000  30.000  4.250000e-02  1.000903e+00  1.840039e-01  7.974499e-02  3.328067e-03
 20.000  30.000  4.416667e-02  1.000976e+00  1.840174e-01  1.524966e-01  4.206286e-03
 20.000  30.000  4.583333e-02  1.001051e+00  1.840312e-01  -2.711724e-02  5.461689e-03
 20.000  30.000  4.916667e-02  1.001210e+00  1.840605e-01  -2.500000e-01  3.874934e-04
 20.000  30.000  5.083333e-02  1.001293e+00  1.840757e-01  -2.500000e-01  4.567565e-04
 20.000  30.000  5.250000e-02  1.001380e+00  1.840917e-01  -2.500000e-01  2.709713e-04
 20.000  30.000  5.583333e-02  1.001561e+00  1.841249e-01  -2.500000e-01  1.293881e-04
 20.000  30.000  5.750000e-02  1.001655e+00  1.841423e-01  -2.500000e-01  8.121609e-04
 20.000  30.000  6.083333e-02  1.001854e+00  1.841789e-01  -1.298088e-01  3.033498e-03
 20.000  30.000  6.250000e-02  1.001958e+00  1.841980e-01  -6.682863e-02  2.437425e-03
 20.000  30.000  6.416667e-02  1.002063e+00  1.842172e-01  -1.935369e-02  2.642776e-03
 20.000  30.000  6.583333e-02  1.002168e+00  1.842366e-01  1.387229e-02  3.378828e-03
 20.000  30.000  6.750000e-02  1.002282e+00  1.842574e-01  6.450504e-02  4.665668e-03
 20.000  30.000  6.916667e-02  1.002395e+00  1.842784e-01  1.528833e-01  6.005070e-03
 20.000  30.000  7.250000e-02  1.002633e+00  1.843220e-01  -2.500000e-01  5.673316e-04
 20.000  30.000  7.416667e-02  1.002756e+00  1.843447e-01  -2.500000e-01  3.152004e-04
 20.000  30.000  7.750000e-02  1.003009e+00  1.843912e-01  -2.500000e-01  1.462660e-04
 20.000  30.000  8.416667e-02  1.003555e+00  1.844915e-01  -1.719644e-01  3.721979e-03
 20.000  30.000  8.583334e-02  1.003698e+00  1.845179e-01  -9.188528e-02  3.006669e-03
 20.000  30.000  8.750000e-02  1.003841e+00  1.845442e-01  -3.777587e-02  2.851118e-03
 20.000  30.000  8.916667e-02  1.003988e+00  1.845712e-01  -1.099868e-02  3.594061e-03
 20.000  30.000  9.083334e-02  1.004139e+00  1.845989e-01  9.971931e-03  4.170049e-03
 20.000  30.000  9.250000e-02  1.004292e+00  1.846270e-01  4.279455e-02  5.696125e-03
 20.000  30.000  9.750000e-02  1.004772e+00  1.847153e-01  -5.068808e-02  4.675350e-03
 20.000  30.000  9.916667e-02  1.004937e+00  1.847457e-01  -2.500000e-01  2.800466e-04
 20.000  30.000  1.008333e-01  1.005106e+00  1.847766e-01  -2.500000e-01  2.597208e-04
 20.000  30.000  1.041667e-01  1.005450e+00  1.848398e-01  -2.500000e-01  1.836188e-04
 20.000  30.000  1.058333e-01  1.005627e+00  1.848725e-01  -2.500000e-01  1.954675e-03
 20.000  30.000  1.075000e-01  1.005808e+00  1.849057e-01  -1.813337e-01  4.063935e-03
 20.000  30.000  1.091667e-01  1.005992e+00  1.849395e-01  -1.222022e-01  3.322697e-03
 20.000  30.000  1.108333e-01  1.006174e+00  1.849729e-01  -6.632377e-02  2.924035e-03
 20.000  30.000  1.125000e-01  1.006359e+00  1.850071e-01  -2.547153e-02  3.672871e-03
 20.000  30.000  1.141667e-01  1.006553e+00  1.850427e-01  -2.649037e-02  4.212615e-03
 20.000  30.000  1.175000e-01  1.006942e+00  1.851142e-01  -1.949271e-02  5.103655e-03
 20.000  30.000  1.191667e-01  1.007139e+00  1.851505e-01  4.097739e-02  8.471824e-03
 20.000  30.000  1.208333e-01  1.007344e+00  1.851880e-01  -2.500000e-01  4.796536e-04
 20.000  30.000  1.225000e-01  1.007547e+00  1.852254e-01  -2.500000e-01  2.522431e-04
 20.000  30.000  1.258333e-01  1.007969e+00  1.853030e-01  -2.500000e-01  1.357035e-04
 20.000  30.000  1.291667e-01  1.008399e+00  1.853820e-01  -2.500000e-01  1.637216e-04
 20.000  30.000  1.325000e-01  1.008847e+00  1.854644e-01  -1.678518e-01  6.182908e-03
 20.000  30.000  1.358333e-01  1.009295e+00  1.855467e-01  -1.287709e-01  5.838489e-03
 20.000  30.000  1.375000e-01  1.009525e+00  1.855891e-01  -1.385795e-01  8.968761e-03
 20.000  30.000  1.391667e-01  1.009763e+00  1.856329e-01  -1.071578e-01  5.892841e-03
 20.000  30.000  1.408333e-01  1.010011e+00  1.856783e-01  -4.868115e-02  2.452890e-03
 20.000  30.000  1.425000e-01  1.010240e+00  1.857205e-01  -6.886684e-02  4.081490e-03
 20.000  30.000  1.441667e-01  1.010482e+00  1.857650e-01  -7.499621e-02  7.549000e-04
 20.000  30.000  1.458333e-01  1.010731e+00  1.858109e-01  -6.327815e-02  6.433914e-03
 20.000  30.000  1.475000e-01  1.010976e+00  1.858558e-01  -4.202645e-02  5.677135e-03
 20.000  30.000  1.491667e-01  1.011233e+00  1.859031e-01  2.243173e-01  3.711523e-03
 20.000  30.000  1.508333e-01  1.011489e+00  1.859502e-01  1.019151e-01  3.910115e-03
 20.000  30.000  1.525000e-01  1.011736e+00  1.859955e-01  7.226434e-02  4.032435e-03
 20.000  30.000  1.541667e-01  1.012002e+00  1.860445e-01  2.500000e-01  3.522231e-04
 20.000  30.000  1.558333e-01  1.012264e+00  1.860926e-01  2.500000e-01  2.447926e-04
 20.000  30.000  1.575000e-01  1.012528e+00  1.861412e-01  2.500000e-01  1.978536e-04
 20.000  30.000  1.591667e-01  1.012802e+00  1.861916e-01  2.500000e-01  2.068647e-04
 20.000  30.000  1.608333e-01  1.013074e+00  1.862414e-01  2.500000e-01  2.067331e-04
 20.000  30.000  1.625000e-01  1.013345e+00  1.862913e-01  2.500000e-01  1.336893e-04
 20.000  30.000  1.641667e-01  1.013627e+00  1.863432e-01  -2.500000e-01  1.408041e-04
 20.000  30.000  1.658333e-01  1.013912e+00  1.863955e-01  -2.500000e-01  1.461900e-04
 20.000  30.000  1.691667e-01  1.014481e+00  1.865002e-01  -2.500000e-01  2.393643e-03
 20.000  30.000  1.708333e-01  1.014772e+00  1.865537e-01  -1.981811e-01  4.908051e-03
 20.000  30.000  1.725000e-01  1.015070e+00  1.866085e-01  -1.419037e-01  4.197564e-03
 20.000  30.000  1.741667e-01  1.015367e+00  1.866631e-01  -8.277827e-02  3.253049e-03
 20.000  30.000  1.775000e-01  1.015959e+00  1.867719e-01  -6.395581e-02  4.301876e-03
 20.000  30.000  1.808333e-01  1.016573e+00  1.868847e-01  -4.942903e-02  4.476665e-03
 20.000  30.000  1.875000e-01  1.017838e+00  1.871174e-01  1.086706e-01  6.551859e-03
 20.000  30.000  1.891667e-01  1.018166e+00  1.871776e-01  8.782156e-02  6.005386e-03
 20.000  30.000  1.908333e-01  1.018488e+00  1.872368e-01  6.506501e-02  5.122921e-03
 20.000  30.000  1.941667e-01  1.019153e+00  1.873591e-01  2.858898e-02  4.329491e-03
 20.000  30.000  1.958333e-01  1.019487e+00  1.874205e-01  1.999450e-02  3.700533e-03
 20.000  30.000  2.025000e-01  1.020853e+00  1.876717e-01  4.231507e-02  3.654524e-03
 20.000  30.000  2.108333e-01  1.022644e+00  1.880008e-01  1.397154e-01  5.572418e-03
 20.000  30.000  2.141667e-01  1.023381e+00  1.881364e-01  1.734350e-01  4.946188e-03
 20.000  30.000  2.158333e-01  1.023756e+00  1.882053e-01  1.919727e-01  5.938104e-03
 20.000  30.000  2.208333e-01  1.024890e+00  1.884136e-01  2.331001e-01  6.162960e-03
 20.000  30.000  2.225000e-01  1.025273e+00  1.884841e-01  2.405652e-01  6.746829e-03
 20.000  30.000  2.291667e-01  1.026854e+00  1.887748e-01  2.500000e-01  6.825212e-04
 20.000  30.000  2.308333e-01  1.027244e+00  1.888465e-01  2.500000e-01  9.308946e-04
 20.000  30.000  2.325000e-01  1.027646e+00  1.889204e-01  1.096561e-01  1.026448e-02
 20.000  30.000  2.375000e-01  1.028884e+00  1.891480e-01  6.981116e-02  7.653021e-03
 20.000  30.000  2.408333e-01  1.029719e+00  1.893015e-01  4.445170e-02  5.815656e-03
 20.000  30.000  2.425000e-01  1.030142e+00  1.893792e-01  3.048979e-02  5.268763e-03
 20.000  30.000  2.458333e-01  1.030997e+00  1.895364e-01  1.848493e-02  5.154410e-03
 20.000  30.000  2.525000e-01  1.032744e+00  1.898576e-01  2.086158e-02  4.678506e-03
 20.000  30.000  2.541667e-01  1.033193e+00  1.899401e-01  2.275829e-02  5.008708e-03
 20.000  30.000  2.625000e-01  1.035471e+00  1.903589e-01  4.410420e-02  6.752430e-03
 20.000  30.000  2.641667e-01  1.035932e+00  1.904437e-01  4.459902e-02  7.952313e-03
 20.000  30.000  2.691667e-01  1.037357e+00  1.907057e-01  6.509188e-02  7.867478e-03
 20.000  30.000  2.708333e-01  1.037836e+00  1.907936e-01  8.603692e-02  6.148408e-03
 20.000  30.000  2.758333e-01  1.039289e+00  1.910609e-01  6.731361e-02  9.199774e-03
 20.000  30.000  2.775000e-01  1.039776e+00  1.911503e-01  -1.010310e-01  1.188175e-02
 20.000  30.000  2.791667e-01  1.040275e+00  1.912421e-01  2.086586e-02  1.672548e-02
 20.000  30.000  2.825000e-01  1.041265e+00  1.914241e-01  -4.732554e-02  8.837180e-03
 20.000  30.000  2.841667e-01  1.041776e+00  1.915180e-01  -5.293401e-02  5.858810e-03
 20.000  30.000  2.858333e-01  1.042291e+00  1.916127e-01  -3.390909e-02  5.679860e-03
 20.000  30.000  2.891667e-01  1.043326e+00  1.918029e-01  -1.940198e-02  3.568977e-03
 20.000  30.000  2.908333e-01  1.043829e+00  1.918954e-01  -1.064267e-02  3.443864e-03
 20.000  30.000  2.941667e-01  1.044880e+00  1.920886e-01  8.053677e-04  5.154439e-03
 20.000  30.000  2.991667e-01  1.046486e+00  1.923838e-01  1.194653e-02  4.793816e-03
